1.6
1.4
1.4
1.65
1.7600000000000002
1.8833333333333333
2.0
1.95
2.077777777777778
2.0100000000000002
1.9818181818181817
1.925
1.8846153846153846
1.85
1.8333333333333335
1.8375
1.8176470588235296
1.7722222222222221
1.7894736842105263
1.7950000000000004
1.7952380952380953
1.740909090909091
1.7347826086956524
1.7749999999999997
1.7600000000000002
1.7423076923076923
1.7555555555555558
1.7571428571428573
1.7517241379310344
1.7400000000000002
1.758064516129032
1.765625
1.7575757575757573
1.7323529411764707
1.745714285714286
1.7583333333333335
1.7594594594594593
1.7684210526315791
1.7794871794871796
1.7699999999999996
1.7658536585365856
1.7619047619047616
1.7581395348837212
1.7772727272727278
1.7688888888888887
1.7521739130434786
1.7595744680851066
1.775
1.7938775510204081
1.8059999999999998
1.8392156862745097
1.8596153846153847
1.852830188679245
1.8444444444444446
1.8436363636363633
1.8482142857142858
1.8438596491228072
1.8379310344827586
1.825423728813559
1.8200000000000003
1.811475409836066
1.798387096774194
1.8
1.8
1.7969230769230768
1.7939393939393937
1.7910447761194033
1.7897058823529413
1.789855072463768
1.775714285714286
1.7746478873239435
1.7833333333333332
1.7767123287671232
1.7648648648648648
1.7599999999999998
1.7631578947368425
1.7545454545454546
1.7487179487179485
1.751898734177215
1.7574999999999998
1.7555555555555553
1.747560975609756
1.7566265060240966
1.7547619047619047
1.7470588235294116
1.7372093023255815
1.7402298850574713
1.7409090909090907
1.7382022471910112
1.7400000000000002
1.7483516483516486
1.7532608695652172
1.756989247311828
1.75
1.7536842105263157
1.7541666666666669
1.751546391752577
1.743877551020408
1.7424242424242427
1.7449999999999999
1.7415841584158418
1.7362745098039216
1.7504854368932037
1.7538461538461536
1.7485714285714284
1.7443396226415095
1.753271028037383
1.759259259259259
1.7605504587155962
1.7572727272727273
1.7549549549549546
1.7598214285714284
1.761946902654867
1.763157894736842
1.7617391304347827
1.7594827586206896
1.753846153846154
1.75
1.7655462184873951
1.7666666666666664
1.7710743801652895
1.7688524590163932
1.765040650406504
1.7701612903225807
1.7823999999999998
1.7761904761904763
1.7716535433070866
1.77265625
1.7728682170542633
1.7692307692307694
1.767175572519084
1.7628787878787875
1.7706766917293233
1.7634328358208955
1.768888888888889
1.764705882352941
1.762043795620438
1.7623188405797106
1.7640287769784173
1.767857142857143
1.7695035460992905
1.765492957746479
1.765034965034965
1.7673611111111112
1.7648275862068963
1.7602739726027394
1.7625850340136053
1.763513513513513
1.7604026845637584
1.7566666666666666
1.7529801324503314
1.75
1.7490196078431375
1.7480519480519479
1.749032258064516
1.748717948717949
1.7452229299363053
1.739873417721519
1.7358490566037736
1.74375
1.7385093167701862
1.7358024691358025
1.7392638036809813
1.7390243902439024
1.7363636363636363
1.7319277108433735
1.7275449101796407
1.724404761904762
1.726627218934911
1.7282352941176473
1.7280701754385963
1.7261627906976744
1.7236994219653177
1.721264367816092
1.717142857142857
1.7204545454545452
1.7231638418079094
1.7191011235955056
1.7156424581005585
1.7122222222222223
1.7104972375690604
1.7054945054945054
1.7038251366120218
1.7043478260869567
1.7016216216216216
1.6983870967741936
1.6978609625668448
1.697872340425532
1.6962962962962966
1.6942105263157896
1.6937172774869111
1.6958333333333335
1.6932642487046632
1.6943298969072167
1.6933333333333334
1.6959183673469387
1.6959390862944161
1.6939393939393939
1.690954773869347
1.6889999999999996
1.6870646766169155
1.6876237623762378
1.6866995073891622
1.686764705882353
1.686341463414634
1.6810679611650485
1.6816425120772949
1.6798076923076923
1.6842105263157894
1.6819047619047616
1.6796208530805685
1.6839622641509433
1.6812206572769952
1.683177570093458
1.6851162790697676
1.685648148148148
1.683410138248848
1.680275229357798
1.6817351598173516
1.683181818181818
1.6850678733031674
1.6824324324324327
1.6865470852017936
1.69375
1.6959999999999997
1.6946902654867255
1.6955947136563876
1.6956140350877196
1.6969432314410482
1.6969565217391303
1.6995670995670995
1.7025862068965516
1.704291845493562
1.7029914529914527
1.7051063829787232
1.7050847457627119
1.7054852320675107
1.7084033613445377
1.7092050209205023
1.710833333333333
1.712448132780083
1.7136363636363634
1.7164609053497941
1.7168032786885246
1.72
1.7215447154471544
1.7210526315789476
1.7221774193548387
1.7257028112449802
1.7248
1.7266932270916335
1.732936507936508
1.7403162055335968
1.7417322834645668
1.7423529411764709
1.744140625
1.7474708171206228
1.751937984496124
1.7540540540540541
1.7530769230769234
1.7544061302681992
1.7545801526717557
1.7543726235741446
1.753409090909091
1.7562264150943396
1.756015037593985
1.7576779026217229
1.7555970149253732
1.7591078066914498
1.7577777777777777
1.7546125461254611
1.75625
1.7582417582417584
1.7587591240875913
1.7585454545454542
1.7561594202898552
1.751985559566787
1.752517985611511
1.7551971326164875
1.7542857142857144
1.7540925266903913
1.754255319148936
1.7604240282685513
1.7598591549295772
1.7621052631578944
1.760839160839161
1.7641114982578396
1.765625
1.7681660899653977
1.7655172413793103
1.7649484536082476
1.7674657534246574
1.768259385665529
1.7755102040816326
1.7793220338983051
1.7763513513513511
1.7764309764309765
1.77751677852349
1.780267558528428
1.779
1.7803986710963453
1.779801324503311
1.7788778877887785
1.7773026315789473
1.7770491803278687
1.776143790849673
1.7752442996742672
1.7737012987012986
1.7754045307443367
1.7729032258064514
1.7710610932475883
1.7724358974358974
1.7725239616613417
1.7745222929936304
1.7733333333333334
1.771518987341772
1.771608832807571
1.771698113207547
1.7711598746081507
1.7693750000000001
1.7679127725856698
1.7664596273291928
1.7643962848297214
1.7632716049382715
1.7627692307692306
1.7616564417177911
1.7617737003058103
1.7609756097560978
1.7610942249240122
1.759090909090909
1.7580060422960724
1.7599397590361447
1.7615615615615616
1.7604790419161678
1.7617910447761194
1.7619047619047616
1.7611275964391688
1.759467455621302
1.75929203539823
1.7576470588235296
1.7583577712609972
1.7584795321637425
1.7583090379008746
1.759593023255814
1.7582608695652175
1.757514450867052
1.7573487031700288
1.7589080459770112
1.7601719197707737
1.7602857142857142
1.7626780626780625
1.766193181818182
1.7671388101983
1.7663841807909606
1.7639436619718307
1.765449438202247
1.7658263305322126
1.7692737430167598
1.7685236768802226
1.7675
1.7673130193905817
1.7687845303867404
1.7696969696969695
1.7722527472527474
1.7736986301369864
1.7743169398907104
1.7762942779291553
1.7766304347826085
1.7761517615176152
1.7756756756756755
1.7754716981132077
1.7776881720430109
1.77828418230563
1.7762032085561497
1.7754666666666665
1.7773936170212763
1.7795755968169764
1.780952380952381
1.7812664907651716
1.781578947368421
1.7874015748031495
1.7876963350785338
1.7885117493472584
1.7890625
1.789090909090909
1.7880829015544044
1.7899224806201552
1.791494845360825
1.7925449871465293
1.7928205128205126
1.795140664961637
1.7971938775510203
1.8012722646310433
1.8043147208121826
1.8050632911392406
1.8055555555555558
1.8088161209068012
1.8095477386934675
1.8102756892230576
1.81025
1.8129675810473818
1.8181592039800996
1.8220843672456575
1.8245049504950495
1.8276543209876546
1.8266009852216747
1.8304668304668308
1.8330882352941174
1.8342298288508558
1.8397560975609752
1.8420924574209248
1.8453883495145633
1.852058111380145
1.8531400966183575
1.8527710843373495
1.855769230769231
1.8546762589928059
1.857894736842105
1.859188544152745
1.861904761904762
1.8624703087885988
1.8656398104265406
1.866193853427896
1.865566037735849
1.8661176470588234
1.865962441314554
1.8665105386416863
1.8684579439252338
1.8701631701631705
1.8711627906976744
1.8770301624129933
1.8787037037037038
1.8792147806004622
1.8792626728110602
1.881609195402299
1.8818807339449541
1.8851258581235697
1.8881278538812787
1.8897494305239178
1.8911363636363636
1.8959183673469386
1.8979638009049775
1.8975169300225736
1.8997747747747749
1.8991011235955053
1.9013452914798208
1.9038031319910516
1.903125
1.9042316258351897
1.903111111111111
1.9019955654101994
1.909070796460177
1.9163355408388518
1.9178414096916299
1.9191208791208791
1.917763157894737
1.9188183807439825
1.9176855895196507
1.9174291938997825
1.9167391304347827
1.920173535791757
1.9212121212121214
1.9211663066954643
1.922413793103448
1.9232258064516128
1.9244635193133042
1.9261241970021412
1.9277777777777778
1.9281449893390192
1.9289361702127663
1.9299363057324843
1.9309322033898304
1.9312896405919662
1.931223628691983
1.9309473684210527
1.9323529411764704
1.9327044025157236
1.931171548117155
1.9317327766179537
1.9318750000000002
1.9320166320166319
1.9331950207468882
1.932505175983437
1.9328512396694215
1.9352577319587632
1.9382716049382716
1.9386036960985629
1.9381147540983608
1.938445807770961
1.9387755102040813
1.9407331975560083
1.9402439024390243
1.940365111561866
1.9408906882591097
1.9414141414141415
1.9433467741935488
1.9428571428571426
1.941967871485944
1.9424849699398794
1.9412000000000003
1.9421157684630739
1.9410358565737051
1.9407554671968192
1.9398809523809526
1.9405940594059405
1.9389328063241105
1.9382642998027613
1.938582677165354
1.937917485265226
1.9390196078431372
1.9405088062622309
1.940625
1.9405458089668617
1.9408560311284044
1.9396116504854368
1.9420542635658915
1.947001934235977
1.9507722007722006
1.9495183044315993
1.9503846153846152
1.9510556621880994
1.95
1.9497131931166347
1.9505725190839693
1.9512380952380952
1.9513307984790873
1.9540796963946871
1.956439393939394
1.9582230623818528
1.9588679245283014
1.9596986817325799
1.9578947368421056
1.9613508442776735
1.9599250936329586
1.9622429906542056
1.9628731343283583
1.9670391061452517
1.9682156133828996
1.9699443413729127
1.9703703703703703
1.9728280961182993
1.9738007380073803
1.9745856353591158
1.9740808823529412
1.9732110091743116
1.9749084249084248
1.9760511882998173
1.9782846715328468
1.9799635701275045
1.9807272727272724
1.9807622504537203
1.982971014492754
1.9858951175406871
1.987364620938628
1.9893693693693695
1.9944244604316546
1.996229802513465
1.9980286738351254
1.9982110912343471
1.9983928571428575
1.9998217468805701
2.0037366548042703
2.005683836589698
2.0072695035460995
2.0079646017699115
2.0088339222614837
2.0081128747795414
2.0077464788732398
2.0093145869947273
2.0108771929824565
2.0105078809106827
2.00979020979021
2.00977312390925
2.010278745644599
2.011304347826087
2.0140624999999996
2.01369150779896
2.0140138408304495
2.0153713298791023
2.0163793103448278
2.015146299483649
2.015463917525773
2.016809605488851
2.015753424657534
2.016239316239316
2.018259385665529
2.017717206132879
2.017687074829932
2.0200339558573854
2.023559322033898
2.0263959390862945
2.0260135135135133
2.027487352445194
2.027272727272728
2.026386554621849
2.0256711409395973
2.0256281407035175
2.0237458193979934
2.025041736227045
2.0291666666666663
2.0292845257903496
2.029401993355482
2.030016583747927
2.030298013245033
2.032066115702479
2.0325082508250825
2.0341021416803953
2.036348684210526
2.0392446633825942
2.0398360655737706
2.0402618657937803
2.0434640522875815
2.043882544861338
2.047882736156352
2.0476422764227644
2.0487012987012987
2.0504051863857375
2.051294498381877
2.051534733441034
2.052258064516129
2.0521739130434784
2.053054662379421
2.052166934189406
2.0541666666666667
2.05552
2.0559105431309908
2.0575757575757576
2.0585987261146497
2.061844197138315
2.0612698412698416
2.061014263074485
2.061867088607595
2.062875197472354
2.0641955835962142
2.0636220472440945
2.0654088050314465
2.0701726844583987
2.0705329153605017
2.0708920187793427
2.07140625
2.07207488299532
2.0725856697819314
2.072006220839813
2.0711180124223603
2.0720930232558143
2.0727554179566563
2.074343122102009
2.075
2.0755007704160247
2.0764615384615386
2.0754224270353303
2.074846625766871
2.0739663093415013
2.073700305810397
2.072977099236641
2.0737804878048776
2.07427701674277
2.075075987841945
2.0758725341426403
2.0756060606060607
2.0763993948562787
2.0779456193353476
2.0793363499245854
2.0799698795180723
2.081203007518797
2.0806306306306306
2.0820089955022487
2.083682634730539
2.085949177877429
2.0888059701492536
2.0892697466467958
2.089434523809524
2.0898959881129273
2.091097922848665
2.0946666666666665
2.0967455621301774
2.0989660265878873
2.0997050147492624
2.101914580265096
2.103235294117647
2.104992657856094
2.1045454545454545
2.1046852122986826
2.105409356725146
2.107153284671533
2.108892128279883
2.110625909752547
2.1113372093023255
2.114368650217707
2.116811594202898
2.118089725036179
2.1223988439306356
2.1217893217893216
2.1220461095100864
2.1225899280575544
2.1245689655172413
2.127546628407461
2.1287965616045845
2.129327610872675
2.128428571428572
2.128815977175464
2.1304843304843306
2.1322901849217635
2.1329545454545458
2.134609929078014
2.1356940509915012
2.138896746817539
2.139830508474576
2.1423131170662906
2.1443661971830985
2.1450070323488046
2.1474719101123596
2.148527349228611
2.1484593837535013
2.1488111888111887
2.1515363128491622
2.1503486750348677
2.151253481894151
2.152712100139082
2.153194444444444
2.1527045769764217
2.1529085872576177
2.154080221300138
2.15524861878453
2.158206896551724
2.158953168044077
2.160935350756534
2.160714285714286
2.1609053497942385
2.162191780821918
2.163064295485636
2.1624316939890713
2.164256480218281
2.165940054495913
2.1658503401360543
2.1668478260869564
2.1679782903663503
2.169647696476965
2.1717185385656292
2.1733783783783784
2.1724696356275297
2.1762803234501344
2.1763122476446837
2.1774193548387095
2.1774496644295303
2.177613941018767
2.17764390896921
2.1779411764705885
2.179305740987984
2.179066666666667
2.179760319573901
2.178989361702128
2.181274900398406
2.1803713527851456
2.1809271523178806
2.1818783068783065
2.1830911492734475
2.1840369393139842
2.1844532279314888
2.185131578947369
2.1867279894875162
2.1862204724409446
2.18610747051114
2.1859947643979054
2.1860130718954247
2.1903394255874677
2.1900912646675357
2.1899739583333337
2.1906371911573475
2.1914285714285713
2.1913099870298316
2.191839378238342
2.1926261319534284
2.19328165374677
2.1926451612903226
2.192396907216495
2.192921492921493
2.1942159383033415
2.1951219512195124
2.195
2.19628681177977
2.1968030690537086
2.197318007662835
2.1984693877551025
2.1994904458598725
2.2010178117048347
2.2019059720457435
2.204441624365482
2.2046894803548795
2.204556962025316
2.204677623261694
2.204419191919192
2.2044136191677177
2.2061712846347605
2.2064150943396226
2.209547738693467
2.2111668757841905
2.2120300751879705
2.2156445556946185
2.2166249999999996
2.220349563046192
2.2223192019950124
2.2230386052303865
2.2253731343283585
2.227080745341615
2.2286600496277913
2.228624535315985
2.229331683168317
2.23114956736712
2.2330864197530866
2.2330456226880395
2.233743842364532
2.2346863468634686
2.2375921375921375
2.2392638036809815
2.241911764705883
2.2416156670746634
2.242176039119804
2.243101343101343
2.2428048780487804
2.243361753958587
2.2436739659367397
2.245078979343864
2.2452669902912623
2.2452121212121208
2.2445520581113803
2.2442563482466746
2.2440821256038648
2.2448733413751505
2.245180722891566
2.2462093862815884
2.2451923076923075
2.2470588235294118
2.248081534772182
2.2493413173652694
2.248803827751196
2.2498207885304655
2.25071599045346
2.2523241954707984
2.2538095238095237
2.256242568370987
2.2565320665083135
2.2567022538552783
2.2571090047393363
2.2568047337278103
2.2580378250591013
2.259149940968123
2.259433962264151
2.2636042402826857
2.265764705882353
2.2656874265569917
2.266901408450704
2.269284876905041
2.269672131147541
2.2721637426900587
2.2723130841121493
2.274329054842474
2.275058275058275
2.274738067520372
2.273953488372093
2.2766550522648084
2.2766821345707653
2.2771726535341834
2.279282407407407
2.281156069364162
2.2826789838337183
2.283852364475202
2.285483870967742
2.288032220943614
2.2904597701149427
2.2913892078071183
2.2924311926605503
2.29495990836197
2.2950800915331806
2.296114285714286
2.297488584474886
2.2985176738882553
2.297835990888383
2.3006825938566555
2.3017045454545455
2.3056753688989784
2.30702947845805
2.308267270668177
2.309162895927602
2.3091525423728814
2.3103837471783293
2.311724915445321
2.3103603603603604
2.310236220472441
2.311123595505618
2.312008978675645
2.312443946188341
2.3133258678611424
2.312863534675615
2.313184357541899
2.3140625
2.3136008918617614
2.314031180400891
2.3135706340378195
2.3128888888888888
2.3132075471698115
2.3134146341463415
2.313510520487265
2.3130530973451324
2.31414364640884
2.315783664459161
2.3147739801543548
2.31431718061674
2.314741474147415
2.314725274725275
2.3152579582875963
2.3179824561403506
2.3193866374589267
2.3202407002188186
2.321639344262295
2.323908296943231
2.3247546346782983
2.3255991285403055
2.326877040261153
2.3272826086956524
2.3293159609120524
2.3301518438177875
2.3304442036836406
2.32965367965368
2.3303783783783785
2.3315334773218144
2.3319309600863
2.3321120689655173
2.3342303552206674
2.3343010752688174
2.3340494092373794
2.3346566523605152
2.3365487674169345
2.337473233404711
2.3381818181818184
2.3407051282051285
2.3433297758804694
2.343816631130064
2.3447284345047925
2.344893617021276
2.3464399574920303
2.3462845010615707
2.3482502651113473
2.3489406779661013
2.348994708994709
2.3492600422832988
2.348891235480465
2.3492616033755276
2.3514225500526864
2.3522105263157895
2.35205047318612
2.3519957983193276
2.353934942287513
2.3542976939203357
2.3563350785340313
2.356799163179917
2.35705329153605
2.3575156576200422
2.3574556830031286
2.3577083333333335
2.358896982310094
2.360602910602911
2.3618899273104885
2.3629668049792536
2.364145077720207
2.3649068322981366
2.364632885211996
2.3655991735537194
2.3657378740970074
2.365979381443299
2.3670442842430486
2.367592592592593
2.3693730729701956
2.371047227926078
2.372615384615385
2.3719262295081966
2.372978505629478
2.3736196319018403
2.374463738508682
2.37530612244898
2.37512742099898
2.3765784114052955
2.3772126144455745
2.376930894308943
2.3782741116751267
2.379614604462474
2.380243161094225
2.380971659919028
2.383923154701719
2.384141414141414
2.3857719475277497
2.387298387096774
2.39043303121853
2.3911468812877263
2.392060301507538
2.3916666666666666
2.393179538615848
2.3927855711422845
2.393593593593594
2.393
2.395004995004995
2.3947105788423153
2.3953140578265204
2.3967131474103587
2.397412935323383
2.399502982107356
2.4007944389275075
2.400198412698413
2.400792864222002
2.4013861386138613
2.4032640949554898
2.4048418972332017
2.408292201382033
2.4080867850098624
2.4074876847290643
2.40748031496063
2.408357915437562
2.408349705304519
2.409421000981354
2.410588235294118
2.411459353574927
2.4125244618395305
2.414662756598241
2.41591796875
2.4188292682926833
2.42046783625731
2.4204479065238558
2.420817120622568
2.4212827988338192
2.4225242718446602
2.422599418040737
2.423546511627907
2.424298160696999
2.4239845261121857
2.424154589371981
2.425
2.4256509161041464
2.4278420038535646
2.427237728585178
2.4289423076923073
2.4296829971181557
2.4296545105566216
2.429338446788111
2.429214559386973
2.4302392344497603
2.431261950286807
2.431232091690544
2.430629770992366
2.431744518589132
2.434476190476191
2.4346336822074215
2.4347908745247144
2.4352326685660017
2.436148007590133
2.4361137440758296
2.436647727272727
2.4382213812677387
2.4392249527410206
2.4390934844192635
2.439433962264151
2.440904806786051
2.441242937853107
2.4424270931326433
2.4435150375939854
2.4434741784037564
2.443714821763602
2.4450796626054356
2.4450374531835206
2.44555659494855
2.4466355140186917
2.4468720821661996
2.448134328358209
2.4477166821994407
2.448603351955307
2.450139534883721
2.4516728624535316
2.4532961931290624
2.455380333951763
2.4561631139944393
2.457870370370371
2.457261794634598
2.4578558225508322
2.4580794090489384
2.4583025830258305
2.4595391705069125
2.4611418047882134
2.4614535418583254
2.4622242647058825
2.462534435261708
2.4635779816513765
2.4655362053162238
2.4656593406593403
2.465599268069534
2.4663619744058503
2.4673059360730596
2.467609489051095
2.4707383773928897
2.4704918032786884
2.4696087352138307
2.4696363636363636
2.469936421435059
2.46923774954628
2.4689936536718036
2.469021739130435
2.469502262443439
2.469620253164557
2.469557362240289
2.4687725631768953
2.469522091974752
2.4692792792792795
2.4691269126912694
2.469334532374101
2.4690925426774486
2.4695691202872534
2.4687892376681617
2.4692652329749105
2.4695613249776183
2.4704830053667264
2.4702412868632706
2.4706249999999996
2.470294380017841
2.4707664884135467
2.4710596616206586
2.471174377224199
2.4713777777777777
2.4726465364120784
2.4718722271517306
2.4725177304964543
2.4745792736935344
2.475486725663717
2.476480990274094
2.477826855123675
2.479964695498676
2.4798059964726633
2.481497797356828
2.481426056338028
2.481706244503078
2.4821616871704744
2.482791922739245
2.4833333333333334
2.484662576687117
2.4847635726795096
2.48678915135608
2.4883741258741257
2.489956331877729
2.492670157068063
2.4933740191804707
2.4958188153310106
2.496692776327241
2.4964347826086954
2.4962641181581233
2.495486111111111
2.495229835212489
2.49471403812825
2.494891774891775
2.4949826989619375
2.4961970613656006
2.4958549222797926
2.4962036238136327
2.4958620689655175
2.4968992248062016
2.497160068846816
2.4988822012037835
2.4991408934707904
2.5
2.501543739279589
2.501799485861182
2.5023972602739724
2.5035072711719417
2.5043589743589747
2.505636208368915
2.5052047781569966
2.50613810741688
2.5060477001703574
2.507829787234042
2.5078231292517006
2.5078164825828373
2.5087436332767403
2.5087362171331633
2.508813559322034
2.5096528365791704
2.51082910321489
2.511158072696534
2.511148648648649
2.513248945147679
2.5138279932546377
2.5142375737152487
2.5148989898989895
2.5151387720773757
2.515966386554622
2.5171284634760704
2.518204697986577
2.5186085498742665
2.5205192629815745
2.521255230125523
2.521070234113713
2.5220551378446117
2.5229549248747913
2.522935779816514
2.5237499999999997
2.523730224812656
2.5242928452579037
2.5242726517040732
2.525498338870432
2.526224066390042
2.5262023217247096
2.527920463960232
2.5289735099337753
2.5285359801488836
2.5287603305785122
2.53047068538398
2.5314356435643566
2.531739488870569
2.533113673805601
2.5365432098765432
2.536924342105263
2.539523418241578
2.5408045977011495
2.5426579163248566
2.544016393442623
2.545290745290745
2.5455810147299505
2.546852003270646
2.548202614379085
2.5477551020408162
2.5482871125611744
2.548899755501223
2.548371335504886
2.548820179007323
2.548943089430894
2.5502843216896833
2.550892857142857
2.5519059205190593
2.5524311183144244
2.5532793522267205
2.5551779935275087
2.5561843168957155
2.55718901453958
2.55770782889427
2.5576612903225806
2.5569701853344076
2.5583735909822867
2.5580048270313753
2.5583601286173634
2.5612048192771084
2.5614767255216693
2.5627906976744184
2.5627403846153847
2.5626901521216974
2.56248
2.563709032773781
2.565335463258786
2.5656025538707103
2.566028708133971
2.566374501992032
2.566162420382166
2.5661893396976927
2.565977742448331
2.5660047656870533
2.565634920634921
2.5658207771609836
2.566877971473851
2.567616785431512
2.5678006329113923
2.5682213438735175
2.569036334913112
2.569534333070245
2.569085173501578
2.5700551615445235
2.5696062992125985
2.5700236034618413
2.5709119496855344
2.5710919088766695
2.5712715855572994
2.571607843137255
2.5723354231974924
2.572435395458105
2.5726134585289517
2.574198592650508
2.575703125
2.575800156128025
2.5751170046801866
2.5759158222915044
2.5753894080996886
2.575408560311284
2.5762052877138415
2.5766122766122765
2.576552795031056
2.5769588828549264
2.5764341085271316
2.576762199845081
2.5780959752321984
2.5781902552204174
2.5783616692426583
2.579227799227799
2.579012345679012
2.579414032382421
2.5804314329738056
2.5808314087759814
2.580846153846154
2.5813220599538815
2.5807987711213523
2.5810437452033765
2.5815950920245396
2.5830651340996167
2.583154670750383
2.5828615149196636
2.5831039755351677
2.583651642475172
2.5841221374045804
2.584210526315789
2.5846036585365857
2.5853769992383855
2.5863013698630137
2.587224334600761
2.586474164133738
2.587015945330296
2.587025796661609
2.5868840030326004
2.5862121212121214
2.587433762301287
2.5872163388804843
2.5874527588813305
2.5885196374622357
2.5892830188679246
2.5904223227752636
2.5909570459683495
2.591566265060241
2.5922498118886383
2.592255639097744
2.593388429752066
2.593093093093093
2.5932483120780194
2.5933283358320844
2.592734082397004
2.5929640718562874
2.594091249065071
2.5942451420029893
2.594100074682599
2.594626865671642
2.594929157345265
2.596944858420268
2.597766195085629
2.5981398809523806
2.599553903345725
2.600222882615156
2.6006681514476613
2.6015578635014833
2.602446256486286
2.6026666666666665
2.6022945965951148
2.602810650887574
2.6038433111603845
2.60384047267356
2.6042066420664205
2.604646017699115
2.605895357406043
2.605007363770251
2.6057395143487856
2.605441176470588
2.606171932402645
2.606387665198238
2.6068231841526046
2.6075513196480937
2.608424908424909
2.6080527086383603
2.6083394294074616
2.6078216374269005
2.6081081081081083
2.6079562043795623
2.6082421590080234
2.6078717201166177
2.6091769847050257
2.6096069868995633
2.6093818181818182
2.6100290697674415
2.6111111111111107
2.612119013062409
2.6129804205946336
2.6151449275362317
2.616654598117306
2.616931982633864
2.6183658712942877
2.6192919075144507
2.62072202166065
2.6209235209235207
2.621917808219178
2.623342939481268
2.6234701223902084
2.624172661870504
2.624370956146657
2.6244971264367813
2.625340990667624
2.626542324246772
2.626810035842294
2.627793696275072
2.628704366499642
2.629756795422032
2.6299499642601862
2.629857142857143
2.630478229835832
2.630456490727532
2.632216678545973
2.632834757834758
2.632953736654804
2.63321479374111
2.6339019189765462
2.6339488636363635
2.634705464868701
2.6358865248226953
2.6359319631467044
2.6359773371104813
2.637508846426044
2.637765205091938
2.6380212014134274
2.638700564971751
2.6393083980239944
2.6406911142454157
2.6415081042988016
2.6423239436619714
2.6436312456016893
2.6452883263009843
2.6457484188334504
2.647612359550562
2.648491228070175
2.6485273492286114
2.6497547302032234
2.6515406162464985
2.6534639608117563
2.6545454545454548
2.6549965059399026
2.6554469273743018
2.656943475226797
2.6578800557880053
2.658327526132404
2.6580083565459613
2.659011830201809
2.6588317107093182
2.658443363446838
2.658541666666667
2.6597501734906315
2.6603328710124825
2.661053361053361
2.662465373961219
2.662906574394464
2.663485477178423
2.663372494816863
2.6647099447513813
2.6649413388543826
2.665724137931035
2.666368022053756
2.6673553719008263
2.667515485203028
2.6676066024759284
2.667422680412371
2.668269230769231
2.668565545641729
2.6692043895747597
2.670047978067169
2.6720547945205477
2.6741957563312804
2.674965800273598
2.6760082023239917
2.677049180327869
2.678088737201365
2.6789904502046387
2.679822767552829
2.6803814713896457
2.6811436351259355
2.6820408163265306
2.682800815771584
2.6833559782608694
2.6834351663272233
2.6841926729986434
2.6848813559322036
2.6861788617886178
2.6867298578199055
2.687550744248985
2.6876943881000672
2.6882432432432433
2.689804186360567
2.6923076923076925
2.6950101146325016
2.695754716981132
2.6973063973063978
2.698586810228802
2.7
2.701142473118279
2.703089321692411
2.704429530201342
2.7044265593561367
2.7046246648793564
2.7046885465505692
2.705957161981258
2.7056187290969897
2.7052807486631014
2.70561122244489
2.705407209612817
2.7062708472314876
2.7071333333333327
2.7076615589606927
2.708988015978695
2.709447771124418
2.7100398936170214
2.7113621262458474
2.7113545816733065
2.7112806901128073
2.7110079575596817
2.7115970841616965
2.7111920529801323
2.711052283256122
2.711838624338624
2.7134170522141443
2.714200792602378
2.714587458745875
2.7142480211081796
2.7153592617007254
2.714953886693017
2.714812376563528
2.714868421052632
2.7165023011176856
2.7170170827858082
2.7180564674983585
2.718241469816273
2.7182295081967216
2.718152031454784
2.7187950229207596
2.719306282722513
2.720143884892086
2.720457516339869
2.721097322011757
2.72056135770235
2.7221787345075015
2.7224250325945247
2.722736156351792
2.7230468749999996
2.7254391672088483
2.7259427828348506
2.72735542560104
2.7275974025974024
2.728617780661908
2.728469520103761
2.7283862605314324
2.728821243523316
2.7300323624595473
2.7305304010349287
2.7308985132514545
2.73139534883721
2.7334409296320206
2.7335483870967745
2.7336557059961315
2.7333762886597937
2.7342562781712814
2.7342342342342345
2.734726688102894
2.7348971722365034
2.7363519588953116
2.737227214377407
2.7373316228351507
2.737948717948718
2.7390775144138373
2.73943661971831
2.7402431222008956
2.7397698209718673
2.7396166134185305
2.740421455938697
2.740842373962986
2.740752551020408
2.740152963671128
2.74171974522293
2.7437937619350734
2.7442748091603053
2.745073108709472
2.744980940279542
2.744952380952381
2.7453680203045683
2.7451490171211157
2.7454372623574144
2.7459784673844205
2.747405063291139
2.7480708412397217
2.748862199747155
2.7499684144030323
2.750126262626263
2.7504731861198737
2.7508196721311475
2.7514177693761814
2.7515743073047862
2.752234109502832
2.7536477987421386
2.7548082966687617
2.755464824120603
2.7562460765850596
2.75702634880803
2.7574294670846395
2.7581453634085213
2.759423919849718
2.759386733416771
2.760600375234522
2.7611875
2.761898813241724
2.7632334581772784
2.7642545227698068
2.76502493765586
2.766168224299066
2.766998754669987
2.767454884878656
2.768594527363184
2.768924798011187
2.769689440993789
2.7703910614525133
2.7709677419354835
2.772101673899566
2.7717472118959106
2.7721981424148607
2.7728341584158414
2.7749536178107608
2.7763288009888756
2.7768993205682517
2.777530864197531
2.7778531770512034
2.7784217016029595
2.7783117683302523
2.7778325123152707
2.7787076923076923
2.7785977859778597
2.7795943454210206
2.779361179361179
2.780294659300184
2.7806134969325154
2.7812998160637648
2.7816789215686275
2.7824862216778934
2.7832925336597305
2.7834862385321104
2.784779951100245
2.78564447159438
2.7858363858363857
2.7871873093349606
2.7884146341463416
2.790737355271176
2.790560292326431
2.790687766281193
2.790693430656934
2.791671732522796
2.792345078979344
2.791863995142683
2.7921723300970878
2.7926015767131593
2.792969696969697
2.793276801938219
2.793704600484261
2.7953418027828194
2.79540507859734
2.7975830815709974
2.798792270531401
2.800543150271575
2.801688781664656
2.8023508137432187
2.8022289156626505
2.8040939193257075
2.8048736462093857
2.8051112447384243
2.8064903846153846
2.8075075075075078
2.809303721488595
2.810377924415117
2.8130695443645086
2.815398442180947
2.8173053892215565
2.8178336325553563
2.81866028708134
2.819246861924686
2.81989247311828
2.8208358208955224
2.8206443914081145
2.8208109719737626
2.821632896305125
2.822215604526504
2.8226785714285714
2.8236168947055327
2.8239595719381683
2.8248960190136656
2.825771971496437
2.8266468842729973
2.8269276393831553
2.826911677534084
2.826481042654028
2.828123149792777
2.8282840236686395
2.8286221170904784
2.829964539007092
2.8310100413467216
2.8309917355371903
2.8319764011799413
2.8321344339622643
2.8334119033588685
2.8328621908127207
2.8330194231901116
2.8338235294117644
2.834920634920635
2.835135135135135
2.8353493834409864
2.835093896713615
2.8364222873900293
2.837338804220398
2.8377855887521966
2.837763466042155
2.83908718548859
2.840233918128655
2.840561075394506
2.841179906542056
2.84179801517805
2.8418903150525088
2.8426239067055397
2.8439393939393938
2.8462434478741994
2.846449359720605
2.847294938917975
2.847906976744186
2.8492155723416617
2.850116144018583
2.8504933255948925
2.8509280742459397
2.8514782608695652
2.8513904982618774
2.851187029530979
2.8516203703703713
2.85159051474841
2.851387283236994
2.851242056614674
2.8510392609699773
2.852625504904789
2.853517877739331
2.853487031700288
2.8533986175115205
2.8541738629821536
2.855005753739931
2.855491661874641
2.855977011494253
2.856748994830557
2.857749712973594
2.858921399885255
2.860149082568807
2.8617191977077363
2.8620847651775483
2.8633085289066975
2.8633295194508004
2.8631789594053743
2.864114285714286
2.863963449457453
2.8644406392694064
2.8653736451796923
2.8664766248574685
2.8660968660968655
2.866457858769931
2.867103016505407
2.867918088737201
2.869187038089824
2.8694886363636365
2.869449176604202
2.8700908059023833
2.8702212138400456
2.8707482993197275
2.8710481586402263
2.8717440543601356
2.871024335031126
2.8717760180995477
2.8718485019785183
2.8730508474576277
2.873687182382834
2.8737584650112864
2.8739424703891707
2.8734498308906424
2.8734647887323943
2.8737049549549547
2.8754642656162073
2.8757592800899885
2.876166385609893
2.876853932584269
2.8777091521617075
2.879124579124579
2.8798653954010094
2.8814461883408073
2.8818487394957986
2.8823628219484876
2.8827084499160605
2.8833892617449663
2.884516489659027
2.885865921787709
2.8871580122836407
2.887779017857143
2.8889012827663136
2.8895763656633218
2.8899721448467965
2.8909242761692653
2.891207568169171
2.8914905450500554
2.8918287937743195
2.8916666666666666
2.8913381454747364
2.892064372918979
2.892068774265114
2.891685144124169
2.8921329639889195
2.892580287929125
2.893082457111235
2.893196902654867
2.893974571586512
2.8943093922651935
2.895416896742131
2.8951986754966885
2.8955874241588524
2.8956449834619624
2.895482093663912
2.896035242290749
2.8968079251513483
2.8970847084708473
2.8970863111599776
2.8965384615384613
2.896760021965952
2.896432491767289
2.8969281404278666
2.897258771929825
2.8966027397260277
2.8961117196056954
2.895949644225506
2.8960065645514224
2.896008747949699
2.895737704918033
2.895740032768979
2.895032751091703
2.8948172394980904
2.8943838604143948
2.8944959128065397
2.894553376906318
2.8938486663037555
2.8947225244831336
2.895269168026101
2.895489130434782
2.896414991852254
2.896199782844734
2.896690179055887
2.8965835140997833
2.896476964769648
2.8962080173347777
2.896480779642664
2.8964826839826836
2.8977285018929155
2.897783783783784
2.8978390059427337
2.8977861771058318
2.898273070696168
2.898166127292341
2.8980592991913747
2.8976831896551722
2.897953688745288
2.8980086114101185
2.897740720817644
2.897903225806451
2.8982267598065556
2.8984425349087006
2.898604401502952
2.898980686695279
2.899142091152815
2.898713826366559
2.899035886448848
2.8989828693790147
2.8989299090422684
2.8987700534759355
2.898610368786745
2.899412393162393
2.8998932194340625
2.9021344717182496
2.902346666666667
2.902345415778252
2.9020777836973894
2.902396166134185
2.9018094731240023
2.9007446808510635
2.900425305688464
2.900584484590861
2.900053106744557
2.9000530785562635
2.8997347480106095
2.8993107104984093
2.8993110757816645
2.8990995762711864
2.8988883006881947
2.899100529100529
2.8988365943945
2.898308668076109
2.8992076069730586
2.8995776135163673
2.8997889182058048
2.900738396624472
2.901001581444386
2.901844046364594
2.902685624012638
2.902894736842105
2.903366649132036
2.904521556256572
2.9045191802417234
2.9051995798319323
2.905564304461943
2.905718782791186
2.905506030414263
2.905922431865828
2.906286013619696
2.906649214659686
2.9067503924646783
2.906799163179916
2.908050182958703
2.908045977011494
2.9092428198433424
2.9099164926931107
2.9097548252477825
2.910323253388947
2.9105784262636787
2.910833333333333
2.9108276939094218
2.911758584807492
2.9122724908996362
2.912733887733888
2.913922077922078
2.9148494288681204
2.915049299429165
2.916234439834025
2.917625712804562
2.9177720207253888
2.918073537027447
2.9183747412008283
2.918830832902225
2.9198552223371252
2.920826873385013
2.9212293388429753
2.922870418172432
2.9235810113519087
2.924651882413616
2.924948453608247
2.9259144770736736
2.926261585993821
2.9259392691713844
2.9270576131687243
2.927866323907455
2.9280575539568345
2.9286594761171036
2.9294661190965092
2.9299640841457157
2.9304102564102563
2.9309584828293187
2.9316086065573774
2.9327700972862263
2.934186284544524
2.9340153452685422
2.93420245398773
2.9355646397547264
2.9362614913176714
2.9364982133741706
2.9368367346938777
2.9386027536970936
2.939551478083588
2.9399388690779418
2.940885947046843
2.9422900763358775
2.9427772126144456
2.944331469242501
2.9451219512195124
2.9454545454545453
2.9461421319796957
2.9466768138001016
2.946551724137931
2.9473390775468826
2.9485309017223913
2.9486075949367097
2.948836032388664
2.9490136570561463
2.9499494438827103
2.950530570995453
2.950454545454545
2.9513377082281673
2.9507568113017157
2.951285930408472
2.951310483870967
2.9529974811083126
2.953474320241692
2.9534474081529942
2.9539235412474847
2.9556561085972852
2.9557788944723624
2.9565042692114516
2.9564257028112446
2.9568991470145507
2.9574724172517555
2.9578446115288215
2.9585671342685367
2.958537806710065
2.959109109109109
2.9592296148074038
2.9596
