0.9
0.9
0.9666666666666666
1.225
1.16
1.1166666666666667
1.2428571428571429
1.3375
1.3555555555555556
1.4300000000000002
1.4454545454545458
1.4416666666666669
1.4000000000000001
1.3857142857142857
1.353333333333333
1.34375
1.3647058823529412
1.3611111111111112
1.3894736842105264
1.385
1.3857142857142857
1.3545454545454545
1.3521739130434784
1.3750000000000002
1.3880000000000003
1.3807692307692307
1.3962962962962964
1.389285714285714
1.379310344827586
1.373333333333333
1.3935483870967744
1.415625
1.409090909090909
1.414705882352941
1.4142857142857141
1.4222222222222223
1.4243243243243242
1.436842105263158
1.4487179487179485
1.45
1.4609756097560977
1.4595238095238094
1.4465116279069767
1.4613636363636364
1.4533333333333336
1.4456521739130435
1.4382978723404256
1.4562500000000003
1.453061224489796
1.4499999999999997
1.4411764705882353
1.4442307692307694
1.449056603773585
1.4537037037037037
1.450909090909091
1.4625
1.4631578947368422
1.467241379310345
1.4610169491525422
1.4866666666666668
1.4950819672131148
1.4838709677419355
1.4825396825396822
1.48125
1.4769230769230766
1.465151515151515
1.4656716417910447
1.4647058823529413
1.471014492753623
1.471428571428571
1.4830985915492958
1.4833333333333334
1.4808219178082194
1.477027027027027
1.4706666666666668
1.480263157894737
1.481818181818182
1.4833333333333332
1.4886075949367086
1.4849999999999999
1.4950617283950618
1.4963414634146344
1.4987951807228914
1.4964285714285712
1.5117647058823527
1.5127906976744185
1.5218390804597703
1.5272727272727273
1.5325842696629215
1.5277777777777777
1.5450549450549451
1.5445652173913043
1.5473118279569893
1.5468085106382978
1.5494736842105263
1.559375
1.5608247422680412
1.5622448979591836
1.5616161616161617
1.5610000000000004
1.5603960396039604
1.5568627450980392
1.5592233009708738
1.5586538461538464
1.5657142857142856
1.562264150943396
1.563551401869159
1.5620370370370371
1.5660550458715599
1.559090909090909
1.553153153153153
1.5535714285714284
1.550442477876106
1.5500000000000003
1.553913043478261
1.5551724137931033
1.5547008547008547
1.5533898305084746
1.5621848739495798
1.5733333333333333
1.571900826446281
1.5663934426229509
1.5601626016260162
1.5685483870967742
1.5744000000000002
1.573809523809524
1.5795275590551183
1.58515625
1.5829457364341084
1.5823076923076922
1.5885496183206107
1.596969696969697
1.5984962406015035
1.5917910447761194
1.5992592592592594
1.6
1.6007299270072992
1.6007246376811595
1.6035971223021583
1.6064285714285713
1.6035460992907802
1.6007042253521124
1.602797202797203
1.6076388888888888
1.6062068965517242
1.615068493150685
1.6183673469387756
1.6263513513513512
1.6315436241610737
1.627333333333333
1.6284768211920528
1.6289473684210527
1.6320261437908496
1.6318181818181816
1.632903225806452
1.632051282051282
1.637579617834395
1.6424050632911391
1.641509433962264
1.643125
1.6465838509316773
1.6462962962962961
1.6533742331288344
1.6542682926829269
1.655151515151515
1.6487951807228918
1.6508982035928141
1.6482142857142859
1.6526627218934908
1.655294117647059
1.6573099415204677
1.661046511627907
1.6624277456647398
1.6655172413793102
1.673142857142857
1.683522727272727
1.687005649717514
1.689325842696629
1.6893854748603352
1.6888888888888889
1.6878453038674035
1.6934065934065934
1.695081967213115
1.6989130434782609
1.7
1.7053763440860217
1.7096256684491984
1.7079787234042552
1.7079365079365079
1.7068421052631577
1.7073298429319368
1.7036458333333333
1.7025906735751295
1.6984536082474229
1.6994871794871795
1.6974489795918366
1.7010152284263955
1.7015151515151512
1.699497487437186
1.7045000000000001
1.7139303482587063
1.7158415841584158
1.7142857142857142
1.7196078431372548
1.7200000000000002
1.7223300970873783
1.7193236714975846
1.7201923076923076
1.7229665071770335
1.7219047619047618
1.7227488151658767
1.7254716981132074
1.7258215962441312
1.7242990654205606
1.7246511627906975
1.724074074074074
1.7262672811059907
1.7298165137614678
1.7347031963470319
1.739090909090909
1.7407239819004523
1.7454954954954949
1.747085201793722
1.7522321428571428
1.7555555555555558
1.7584070796460178
1.7612334801762113
1.763157894736842
1.7655021834061138
1.7656521739130433
1.7645021645021643
1.7672413793103448
1.7733905579399143
1.7735042735042736
1.7727659574468084
1.771186440677966
1.7734177215189875
1.7764705882352942
1.779916317991632
1.7837500000000002
1.7846473029045644
1.7880165289256198
1.7901234567901234
1.790983606557377
1.7922448979591834
1.7939024390243905
1.7955465587044532
1.7983870967741935
1.7959839357429719
1.7971999999999997
1.798406374501992
1.8027777777777778
1.8047430830039524
1.8074803149606296
1.8074509803921568
1.80546875
1.8093385214007782
1.807364341085271
1.8061776061776063
1.8111538461538461
1.8134099616858237
1.8175572519083971
1.8182509505703421
1.8159090909090907
1.8196226415094336
1.819548872180451
1.8176029962546814
1.819402985074627
1.8182156133828997
1.8177777777777777
1.8232472324723248
1.8246323529411765
1.8274725274725274
1.8299270072992702
1.8290909090909089
1.8311594202898547
1.832129963898917
1.8374100719424462
1.838351254480287
1.837142857142857
1.8387900355871885
1.8390070921985813
1.839929328621908
1.843661971830986
1.8410526315789473
1.841958041958042
1.8435540069686411
1.843402777777778
1.8453287197231834
1.8475862068965518
1.8515463917525772
1.8517123287671233
1.853924914675768
1.8534013605442177
1.8542372881355935
1.8550675675675676
1.853872053872054
1.8543624161073822
1.8598662207357861
1.86
1.860797342192691
1.8586092715231786
1.8574257425742573
1.860526315789474
1.8659016393442625
1.8660130718954246
1.8661237785016287
1.868181818181818
1.8715210355987053
1.8703225806451609
1.8691318327974273
1.8708333333333336
1.876038338658147
1.8777070063694268
1.876825396825397
1.8810126582278481
1.8776025236593061
1.8779874213836483
1.8761755485893414
1.878125
1.8791277258566979
1.8763975155279504
1.8783281733746129
1.875925925925926
1.8772307692307693
1.877914110429448
1.8804281345565748
1.8795731707317072
1.8805471124620063
1.8809090909090909
1.8800604229607252
1.885843373493976
1.8891891891891894
1.8904191616766468
1.8910447761194031
1.8892857142857142
1.891394658753709
1.892899408284024
1.8941002949852508
1.891470588235294
1.8967741935483873
1.8970760233918127
1.8965014577259478
1.896511627906977
1.899420289855072
1.902312138728324
1.9008645533141209
1.9002873563218388
1.9057306590257876
1.9071428571428573
1.9068376068376067
1.9051136363636363
1.9033994334277622
1.9045197740112993
1.9101408450704227
1.910955056179775
1.915126050420168
1.9173184357541904
1.9181058495821723
1.9213888888888888
1.924376731301939
1.92707182320442
1.9275482093663914
1.9296703296703295
1.9306849315068493
1.930054644808743
1.9291553133514985
1.9298913043478259
1.9346883468834686
1.9351351351351351
1.9358490566037734
1.9384408602150536
1.9410187667560321
1.9422459893048127
1.9439999999999997
1.9444148936170211
1.944031830238727
1.9428571428571426
1.9408970976253297
1.9436842105263157
1.9448818897637796
1.9476439790575917
1.9493472584856395
1.9473958333333332
1.951948051948052
1.9520725388601037
1.957105943152455
1.960824742268041
1.9601542416452442
1.9625641025641023
1.9657289002557543
1.9660714285714285
1.9712468193384223
1.9723350253807108
1.9718987341772156
1.9709595959595958
1.9722921914357685
1.9751256281407035
1.9771929824561405
1.9774999999999998
1.9822942643391521
1.982587064676617
1.9811414392059554
1.9809405940594058
1.983950617283951
1.987192118226601
1.9886977886977886
1.989460784313725
1.996088019559902
1.996341463414634
1.9973236009732358
1.9966019417475729
1.997336561743341
1.99975845410628
2.0026506024096387
2.0079326923076923
2.010791366906475
2.0129186602870814
2.01145584725537
2.0114285714285716
2.009263657957245
2.009241706161138
2.0070921985815606
2.0089622641509437
2.008470588235294
2.00962441314554
2.0098360655737704
2.0133177570093457
2.012587412587413
2.011395348837209
2.0120649651972156
2.0150462962962963
2.017321016166282
2.0191244239631336
2.0213793103448277
2.021788990825688
2.0210526315789474
2.0244292237442925
2.026195899772209
2.0259090909090913
2.030612244897959
2.0328054298642533
2.0309255079006774
2.0304054054054057
2.0307865168539325
2.0307174887892376
2.0313199105145414
2.0303571428571425
2.0282850779510024
2.0275555555555553
2.0281596452328157
2.028097345132743
2.026931567328918
2.026431718061674
2.028351648351648
2.030263157894737
2.0308533916849014
2.0327510917030565
2.031590413943355
2.0336956521739133
2.034056399132321
2.0329004329004325
2.0343412526997837
2.0364224137931037
2.0372043010752687
2.0373390557939914
2.0398286937901497
2.044230769230769
2.0432835820895527
2.044255319148936
2.045435244161359
2.0459745762711865
2.047357293868922
2.046835443037975
2.0456842105263155
2.044957983193277
2.0461215932914043
2.045397489539749
2.0444676409185805
2.0435416666666666
2.0428274428274427
2.0456431535269712
2.04575569358178
2.045661157024793
2.045360824742268
2.0444444444444447
2.0439425051334696
2.043032786885246
2.0425357873210634
2.042448979591837
2.0429735234215887
2.0428861788617882
2.0438133874239353
2.042914979757085
2.0428282828282827
2.041733870967742
2.0416498993963783
2.041164658634538
2.043887775551102
2.0428
2.045708582834331
2.0482071713147407
2.047713717693837
2.047222222222222
2.0495049504950495
2.049802371541502
2.0514792899408283
2.0515748031496064
2.0516699410609034
2.0513725490196077
2.0514677103718197
2.051171875
2.0510721247563355
2.0525291828793772
2.05378640776699
2.0517441860465118
2.05183752417795
2.0513513513513515
2.0512524084778425
2.0503846153846155
2.049904030710173
2.0513409961685825
2.052772466539197
2.054198473282443
2.0556190476190475
2.058555133079848
2.0605313092979123
2.0634469696969697
2.0667296786389415
2.0669811320754716
2.0662900188323916
2.0672932330827067
2.066791744840525
2.0666666666666664
2.068411214953271
2.067723880597015
2.0687150837988826
2.0687732342007434
2.0692022263450838
2.0694444444444446
2.0715341959334563
2.071033210332103
2.0714548802946586
2.070404411764706
2.0741284403669726
2.074725274725275
2.073674588665448
2.0726277372262776
2.07304189435337
2.0740000000000003
2.073139745916515
2.07463768115942
2.074683544303798
2.0763537906137186
2.075135135135135
2.074820143884892
2.073608617594255
2.072759856630824
2.0710196779964223
2.069464285714286
2.0686274509803924
2.0688612099644126
2.070870337477797
2.070212765957447
2.0713274336283187
2.0713780918727918
2.0735449735449736
2.075
2.075395430579965
2.074736842105263
2.0763572679509634
2.076923076923077
2.0762652705061084
2.0763066202090594
2.0775652173913044
2.080034722222222
2.0792027729636047
2.0795847750865053
2.0818652849740937
2.082413793103448
2.083820998278829
2.083505154639176
2.08336192109777
2.085445205479452
2.0847863247863248
2.0851535836177475
2.08603066439523
2.0846938775510204
2.0843803056027164
2.085423728813559
2.087140439932318
2.0890202702702703
2.088532883642496
2.08989898989899
2.0894117647058823
2.089261744966443
2.0879396984924625
2.0894648829431435
2.091485809682805
2.0905
2.0921797004991682
2.093189368770764
2.0948590381426206
2.0965231788079466
2.095371900826447
2.095874587458746
2.0967051070840195
2.097532894736842
2.0980295566502467
2.0991803278688526
2.0990180032733226
2.099019607843137
2.0982055464926592
2.098534201954398
2.0993495934959348
2.0999999999999996
2.101782820097245
2.1024271844660194
2.103877221324717
2.103387096774193
2.105475040257649
2.1062700964630223
2.107223113964687
2.1070512820512817
2.10624
2.10591054313099
2.105901116427432
2.106210191082803
2.106359300476947
2.1069841269841274
2.1072900158478602
2.1096518987341772
2.109952606635071
2.1111987381703465
2.111811023622047
2.113679245283019
2.1136577708006277
2.114420062695925
2.115336463223787
2.1153125
2.1162246489859595
2.115576323987539
2.116485225505443
2.1169254658385093
2.1195348837209305
2.1188854489164086
2.11870170015456
2.119598765432099
2.1187981510015406
2.1198461538461544
2.1198156682027647
2.1196319018404908
2.119142419601838
2.118348623853211
2.117557251908397
2.1192073170731707
2.119025875190259
2.120212765957447
2.1197268588770863
2.1206060606060606
2.120272314674735
2.1231117824773413
2.123529411764706
2.1219879518072293
2.1234586466165406
2.1225225225225226
2.124137931034483
2.1248502994011975
2.124813153961136
2.124328358208955
2.123397913561848
2.1227678571428568
2.122734026745914
2.1227002967359048
2.1259259259259258
2.125887573964497
2.125258493353028
2.1253687315634218
2.1256259204712813
2.1273529411764707
2.1276064610866374
2.1287390029325515
2.1301610541727674
2.131432748538012
2.1331386861313866
2.1338192419825073
2.132459970887919
2.1340116279069767
2.134252539912917
2.133768115942029
2.132850940665702
2.1325144508670517
2.132900432900433
2.1331412103746397
2.134388489208633
2.1356321839080463
2.137015781922525
2.1363896848137536
2.1381974248927045
2.138142857142857
2.1388017118402285
2.1401709401709406
2.1409672830725457
2.1406249999999996
2.141276595744681
2.1409348441926346
2.13988684582744
2.1399717514124292
2.1410437235543016
2.1429577464788734
2.1436005625879044
2.1438202247191014
2.144319775596073
2.146078431372549
2.1451748251748253
2.144972067039106
2.1464435146443512
2.148607242339833
2.148539638386648
2.148472222222222
2.1482662968099864
2.148753462603878
2.15103734439834
2.1512430939226523
2.153655172413793
2.152203856749311
2.1532324621733148
2.1546703296703305
2.1559670781893
2.1565753424657528
2.1569083447332424
2.1577868852459017
2.1597544338335606
2.159945504087193
2.159727891156463
2.1596467391304346
2.1607869742198096
2.1601626016260163
2.160893098782138
2.1624324324324324
2.1643724696356275
2.165229110512129
2.1658142664872138
2.1661290322580644
2.167919463087248
2.1672922252010727
2.167871485943775
2.170855614973262
2.1730307076101467
2.1732
2.173901464713715
2.1736702127659577
2.1737051792828685
2.1737400530503974
2.1747019867549673
2.174603174603175
2.1756935270805813
2.177176781002639
2.1768115942028987
2.1780263157894737
2.1781865965834433
2.1788713910761155
2.178112712975098
2.179450261780105
2.1796078431372545
2.1796344647519583
2.1796610169491526
2.179557291666667
2.1808842652795835
2.1797402597402598
2.1811932555123215
2.1831606217616586
2.184217335058215
2.1850129198966406
2.1847741935483875
2.1858247422680415
2.186743886743887
2.188817480719794
2.192811296534018
2.193846153846154
2.1964148527528806
2.197058823529412
2.198339719029374
2.1993622448979595
2.1991082802547774
2.198854961832061
2.19987293519695
2.2006345177664977
2.1994930291508235
2.199367088607595
2.2024020227560053
2.2021464646464644
2.202143757881463
2.202896725440806
2.2032704402515724
2.204899497487437
2.2071518193224593
2.2071428571428577
2.2078848560700877
2.208875
2.208614232209738
2.209351620947631
2.2102117061021174
2.211442786069651
2.211925465838509
2.212531017369727
2.2138785625774475
2.21299504950495
2.213967861557478
2.2151851851851854
2.215906288532676
2.2171182266009852
2.218081180811808
2.2191646191646193
2.219263803680982
2.219240196078432
2.2203182374541006
2.223716381418093
2.2250305250305247
2.2259756097560977
2.2275274056029235
2.2285888077858886
2.228554070473876
2.229247572815534
2.2301818181818183
2.2317191283292983
2.2336154776299884
2.235869565217391
2.236067551266586
2.2363855421686747
2.237063778580024
2.237860576923077
2.2375750300120045
2.2381294964028777
2.238323353293413
2.240071770334928
2.2405017921146957
2.2412887828162296
2.2431466030989275
2.2432142857142856
2.243757431629013
2.244061757719715
2.2434163701067615
2.2444312796208528
2.244260355029586
2.2455082742316783
2.2461629279811097
2.2465801886792454
2.2464075382803292
2.2476470588235293
2.2480611045828445
2.2482394366197185
2.248651817116061
2.2497658079625293
2.2505263157894735
2.25
2.2497082847141194
2.2498834498834497
2.250989522700815
2.252093023255814
2.254355400696864
2.2563805104408354
2.256894553881808
2.256365740740741
2.2553757225433526
2.25554272517321
2.255940023068051
2.2559907834101383
2.255235903337169
2.2556321839080455
2.255912743972446
2.257454128440367
2.2583046964490263
2.258924485125858
2.260685714285714
2.260616438356164
2.2613454960091226
2.261047835990888
2.260978384527873
2.261590909090909
2.2617480136208856
2.2614512471655326
2.2616081540203847
2.26210407239819
2.26316384180791
2.2641083521444694
2.2649379932356255
2.2646396396396398
2.2658042744656917
2.2662921348314606
2.2666666666666666
2.2681614349775785
2.2693169092945125
2.269910514541387
2.2701675977653633
2.2725446428571425
2.2732441471571905
2.273162583518931
2.272969966629588
2.273777777777778
2.274250832408435
2.27549889135255
2.275083056478405
2.275774336283186
2.2764640883977902
2.277041942604856
2.2780595369349506
2.277753303964758
2.2781078107810786
2.2794505494505497
2.27914379802415
2.2796052631578947
2.2808324205914565
2.2815098468271335
2.2818579234972676
2.2831877729257637
2.2836423118865867
2.2847494553376904
2.2845484221980414
2.283695652173913
2.2844733984799133
2.2852494577006506
2.285157096424702
2.2854978354978357
2.2855135135135134
2.2860691144708425
2.2856526429341963
2.285991379310345
2.286759956942949
2.286989247311828
2.286895810955961
2.2870171673819746
2.2871382636655944
2.2871520342612426
2.287272727272727
2.2891025641025644
2.290501600853789
2.291577825159915
2.290947816826411
2.2906382978723405
2.291285866099894
2.290764331210191
2.290986214209968
2.2906779661016947
2.290793650793651
2.2897463002114167
2.2898627243928193
2.2897679324894518
2.290094836670179
2.290842105263158
2.291377497371188
2.2911764705882356
2.2903462749213013
2.291299790356394
2.29130890052356
2.29173640167364
2.2918495297805643
2.291544885177453
2.291866527632951
2.292083333333334
2.291883454734651
2.2924116424116425
2.2923156801661473
2.29253112033195
2.292227979274611
2.291925465838509
2.2913133402275077
2.291425619834711
2.2907120743034057
2.2918556701030925
2.2913491246138
2.292078189300412
2.291778006166495
2.292915811088295
2.2931282051282054
2.29375
2.294165813715455
2.2943762781186097
2.2944841675178758
2.2942857142857145
2.294087665647299
2.2939918533604886
2.29471007121058
2.2940040650406504
2.2945177664974623
2.2941176470588234
2.294224924012158
2.2959514170040483
2.2987866531850356
2.29979797979798
2.30050454086781
2.301310483870968
2.3020140986908357
2.3025150905432596
2.3029145728643217
2.3035140562248997
2.3044132397191577
2.304108216432866
2.304004004004004
2.3041
2.3053946053946053
2.30499001996008
2.3051844466600198
2.3049800796812745
2.307562189054726
2.308747514910537
2.309235352532274
2.310416666666667
2.3099108027750246
2.3113861386138614
2.3111770524233433
2.311561264822134
2.3119447186574527
2.3135108481262328
2.3132019704433495
2.314074803149606
2.314257620452311
2.3148330058939095
2.314818449460255
2.3144117647058824
2.314103819784525
2.3139921722113503
2.3147605083088956
2.31474609375
2.3158048780487803
2.3164717348927875
2.3167478091528726
2.3168287937743193
2.317298347910593
2.317669902912621
2.318913676042677
2.3188953488372097
2.3193610842207164
2.3193423597678917
2.321352657004831
2.3218146718146717
2.3237222757955642
2.3237957610789985
2.3242540904716074
2.324903846153846
2.325168107588857
2.3263915547024956
2.3256951102588683
2.3259578544061297
2.3261244019138756
2.3263862332695986
2.3277936962750716
2.3279580152671757
2.3278360343183984
2.3285714285714283
2.3287345385347287
2.3296577946768062
2.3302943969610634
2.330834914611006
2.3319431279620852
2.332102272727273
2.3317880794701984
2.3315689981096406
2.3316336166194525
2.3311320754716975
2.3308199811498587
2.3315442561205275
2.3315145813734715
2.3321428571428573
2.3321126760563375
2.331425891181989
2.3310215557638236
2.3307116104868912
2.331524789522919
2.3314953271028043
2.3321195144724554
2.331996268656716
2.332059645852749
2.3319366852886403
2.3325581395348833
2.3344795539033454
2.3341689879294334
2.333951762523191
2.3342910101946246
2.33462962962963
2.3347826086956522
2.3346580406654343
2.335087719298246
2.3344095940959413
2.333917050691244
2.333793738489871
2.3333946642134316
2.3337316176470586
2.3344352617079887
2.3344036697247708
2.335288725939505
2.336721611721612
2.336505032021958
2.3372029250457036
2.337351598173516
2.337864963503649
2.3379216043755697
2.3370673952641168
2.337033666969973
2.3367272727272725
2.336330608537693
2.3374773139745915
2.337624660018132
2.3382246376811597
2.3378280542986425
2.3375226039783
2.337037037037037
2.336462093862816
2.3365193868349863
2.337117117117117
2.3377137713771377
2.3381294964028783
2.338095238095238
2.3382405745062833
2.340538116591928
2.3406810035842294
2.3412712623097582
2.3417710196779966
2.341733690795353
2.3411607142857145
2.34192685102587
2.342245989304813
2.341852181656278
2.3417259786476867
2.3418666666666663
2.3432504440497333
2.3437444543034607
2.3436170212765957
2.343666961913198
2.343716814159292
2.344031830238727
2.3445229681978796
2.344571932921448
2.344444444444444
2.34431718061674
2.343926056338028
2.3434476693051893
2.343145869947276
2.342932396839333
2.3433333333333337
2.342769500438212
2.3420315236427323
2.3416447944006995
2.342395104895105
2.3415720524017467
2.3409249563699825
2.340453356582389
2.34006968641115
2.3398607484769363
2.34
2.339357080799305
2.3389756944444446
2.339115351257589
2.339168110918544
2.34
2.340743944636678
2.3407951598962833
2.3401554404145077
2.3405522001725627
2.3403448275862067
2.340482342807924
2.3413080895008607
2.340584694754944
2.3401202749140895
2.3404291845493566
2.34073756432247
2.340274207369323
2.340154109589041
2.339349871685201
2.3400854700854703
2.340222032450897
2.340102389078498
2.3404092071611253
2.3397785349233393
2.341361702127659
2.3418367346938775
2.3418861512319453
2.342190152801358
2.342408821034775
2.34228813559322
2.3424216765453005
2.342978003384095
2.3438715131022825
2.344256756756757
2.3452320675105485
2.345025295109612
2.3443976411120473
2.343686868686869
2.3444911690496215
2.3456302521008405
2.346095717884131
2.3460570469798654
2.3453478625314332
2.345477386934673
2.345271966527197
2.3451505016722405
2.344778613199666
2.3444908180300503
2.3451209341117596
2.346
2.3460449625312236
2.346173044925125
2.346300914380715
2.3464285714285715
2.3467219917012447
2.346185737976783
2.3464788732394366
2.3466059602649003
2.3470636889991727
2.347685950413223
2.347976878612717
2.348514851485149
2.3492992580379224
2.348682042833608
2.349053497942387
2.3497532894736843
2.3505341002465077
2.3508210180623976
2.3508613617719445
2.350983606557377
2.3511875511875515
2.351963993453355
2.3524121013900245
2.3541666666666665
2.355102040816327
2.3562805872756933
2.3560717196414016
2.3558631921824107
2.3554922701383236
2.3556097560975604
2.3562144597887897
2.3565746753246755
2.3562854825628547
2.356564019448946
2.3560323886639676
2.356472491909385
2.3565076798706546
2.35686591276252
2.3577078288942697
2.358145161290323
2.3586623690572117
2.358615136876007
2.3592920353982305
2.3590032154340834
2.359036144578313
2.3596308186195825
2.35990376904571
2.3606570512820513
2.3605284227381906
2.36024
2.361790567545963
2.3619009584664536
2.362250598563448
2.3624401913875603
2.362470119521912
2.362420382165605
2.3622116149562453
2.3629570747217805
2.3639396346306594
2.363888888888889
2.3642347343378267
2.3641045958795557
2.364449722882027
2.363924050632911
2.364426877470356
2.364454976303318
2.3649565903709546
2.36679810725552
2.3664302600472817
2.365748031496063
2.3667191188040912
2.366588050314466
2.3664571877454827
2.3664050235478813
2.36721568627451
2.3677115987460815
2.3670321064996083
2.366901408450704
2.36677091477717
2.36796875
2.368071818891491
2.3678627145085804
2.368355416991426
2.369158878504673
2.3692607003891046
2.369751166407465
2.370551670551671
2.3704968944099383
2.370209464701319
2.37
2.369868319132455
2.3704334365325077
2.3709976798143853
2.371174652241113
2.3711196911196906
2.3712962962962965
2.37124132613724
2.372265023112481
2.372132409545804
2.3725384615384617
2.3730976172175247
2.372503840245775
2.3733691481197234
2.373542944785276
2.3744061302681994
2.375497702909648
2.3758990053557763
2.376223241590214
2.3777692895339957
2.3792366412213743
2.379252479023646
2.380106707317073
2.3805788271134807
2.380517503805175
2.3806844106463876
2.3825227963525837
2.382536066818527
2.3828528072837636
2.3823351023502655
2.381969696969697
2.3821347464042395
2.3835854765506808
2.3835978835978837
2.3838368580060423
2.3839245283018866
2.3846153846153846
2.384024114544084
2.38335843373494
2.3843491346877355
2.3848120300751883
2.3845980465815173
2.3844594594594595
2.383945986496624
2.385232383808096
2.3854681647940077
2.385404191616766
2.385938668661182
2.3866218236173387
2.386781179985064
2.3866417910447764
2.386726323639075
2.386810730253353
2.3871183916604615
2.386607142857143
2.387211895910781
2.386775631500743
2.3870081662954714
2.386795252225519
2.3868050407709416
2.3866666666666667
2.3863804589193185
2.385724852071006
2.385809312638581
2.3856720827178735
2.385608856088561
2.3859144542772857
2.385777450257922
2.386303387334315
2.3869757174392934
2.3866911764705883
2.386700955180015
2.3861967694566815
2.386060161408657
2.38599706744868
2.3862271062271065
2.38601756954612
2.386027798098025
2.385818713450292
2.3862673484295103
2.387299270072993
2.387308533916849
2.388046647230321
2.3886380189366347
2.3882096069868997
2.3881454545454543
2.3884447674418605
2.3889615105301383
2.388824383164006
2.389485134155185
2.38963768115942
2.3894279507603184
2.389580318379161
2.3892263195950836
2.389378612716763
2.3893862815884477
2.3891053391053387
2.3899062725306424
2.390273775216138
2.3907127429805617
2.3907194244604315
2.390726096333573
2.390373563218391
2.3907394113424267
2.3908895265423245
2.3908243727598566
2.3904727793696274
2.391195418754474
2.390987124463519
2.3909935668334525
2.3914999999999997
2.3922912205567455
2.3925106990014267
2.3932287954383464
2.3934472934472932
2.3933096085409256
2.3933143669985775
2.394740582800284
2.3949573863636364
2.395315826827537
2.3961702127659574
2.3970233876683205
2.3973796033994335
2.397452229299363
2.3975954738330976
2.3983038869257944
2.3982344632768364
2.3987297106563163
2.3983074753173486
2.3988019732205776
2.398591549295775
2.398522167487685
2.3986638537271445
2.3987350667603655
2.398525280898877
2.3986666666666667
2.3983870967741936
2.398107918710582
2.3978991596638655
2.397900629811057
2.397832167832168
2.3974143955276026
2.3972765363128494
2.397208653175157
2.397280334728034
2.397630662020906
2.398050139275766
2.3981210855949895
2.3979137691237833
2.3977762334954833
2.397291666666667
2.3979875086745315
2.3981276005547856
2.3977130977130976
2.397506925207756
2.398200692041523
2.3975103734439833
2.3976503109882517
2.3973756906077344
2.3973775017253276
2.397586206896552
2.397450034458994
2.397038567493113
2.397315898141776
2.397799174690509
2.39807560137457
2.398420329670329
2.398558682223747
2.3982167352537727
2.3987662782727894
2.39945205479452
2.3995893223819307
2.3997264021887825
2.3995898838004104
2.3987021857923496
2.399044368600683
2.3991132332878577
2.39890933878664
2.399182561307902
2.399046970728386
2.3991156462585037
2.3986403806934056
2.3985054347826087
2.398913781398506
2.399185888738128
2.400677966101695
2.4010840108401084
2.40209884901828
2.402165087956698
2.402907369844489
2.4033783783783784
2.4037137069547603
2.4037112010796218
2.403776129467296
2.4040431266846363
2.4039730639730643
2.40349932705249
2.4032279757901818
2.403024193548387
2.4041638683680318
2.4046308724832213
2.404225352112676
2.4039544235924932
2.404621567314133
2.404283801874163
2.404481605351171
2.4044786096256683
2.405678022712091
2.4054739652870496
2.405470313542361
2.405266666666667
2.4069953364423715
2.4072569906790946
2.4073852295409184
2.407912234042553
2.408239202657807
2.408499335989375
2.4083609820836096
2.407758620689655
2.4079522862823057
2.407880794701987
2.4072137657180677
2.4070767195767195
2.4074025115664246
2.4073976221928666
2.407920792079208
2.407915567282322
2.408174027686223
2.4081686429512517
2.4080974325213957
2.40875
2.409204470742932
2.4093955321944813
2.409258043335522
2.408989501312336
2.4090491803278686
2.4093709043250326
2.4090373280943025
2.409096858638743
2.409483322432963
2.410065359477124
2.4097322011757023
2.4098563968668416
2.4104370515329423
2.4101043024771838
2.409771986970684
2.4098307291666665
2.40982433311646
2.4099479843953184
2.409811565951917
2.410064935064935
2.41044776119403
2.4105706874189363
2.4106286454957875
2.410686528497409
2.4104854368932034
2.4104139715394566
2.4106658047834517
2.4105943152454783
2.4104583602324077
2.4099354838709672
2.410896196002579
2.4112113402061857
2.4111397295556984
2.4118404118404118
2.4117684887459805
2.4113110539845755
2.4115606936416185
2.4117458279845962
2.4120590121873
2.411538461538462
2.411467008327995
2.411843790012804
2.4118362124120276
2.4118925831202045
2.4120127795527155
2.4120689655172414
2.41238034460753
2.4124999999999996
2.4124920331421285
2.4129299363057326
2.4127943984723106
2.412849872773537
2.413095994914177
2.413214739517154
2.413269841269841
2.4133883248730967
2.4131896005072924
2.4129911280101393
2.4129195693476886
2.4128481012658227
2.413156230234029
2.412895069532238
2.4128869235628554
2.412563131313131
2.4125552050473185
2.412547288776797
2.4126023944549466
2.4126574307304787
2.412964128382631
2.4128930817610064
2.4129478315524833
2.4128768844221105
2.4134965473948524
2.4132998745294856
2.413542319749216
2.413471177944862
2.4148403256105198
2.41558197747184
2.4161350844277676
2.4168125
2.417239225484072
2.417103620474407
2.417280099812851
2.4174563591022444
2.4180062305295946
2.4179950186799504
2.418917237087741
2.4200248756218907
2.4210689869484154
2.4213043478260867
2.4216635630043455
2.4215880893300246
2.4222566646001242
2.422428748451053
2.4223529411764706
2.422957920792079
2.4239950525664806
2.4247218788627936
2.4249536751080916
2.4256172839506176
2.425848241826033
2.4258939580764487
2.426309303758472
2.426293103448276
2.426584615384616
2.4274907749077492
2.428149969268593
2.427886977886978
2.4286065070595457
2.4285276073619633
2.4284488044144696
2.4280637254901967
2.428658909981629
2.428641370869033
2.4292354740061164
2.4292787286063566
2.4295662797800857
2.4295482295482294
2.4298352654057354
2.430548780487805
2.4311395490554544
2.431729598051157
2.4320754716981132
2.431751824817518
2.432401215805471
2.4324422843256377
2.4327261687917425
2.4323422330097086
2.432747119466343
2.4328484848484853
2.4330102967898246
2.433232445520581
2.4335753176043555
2.433857315598549
2.433897280966767
2.4339371980676328
2.4347012673506336
2.435223160434258
2.435684147076552
2.43578313253012
2.4359422034918725
2.436401925391095
2.4361395069152136
2.4361177884615386
2.436156156156156
2.436374549819928
2.4364727054589084
2.4361510791366907
2.436309167165968
2.4361077844311376
2.436983842010772
2.4369617224880384
2.4377166766288103
2.4376941457586616
2.4379701492537316
2.4385441527446297
2.4384615384615387
2.43927294398093
2.4394282310899342
2.439464285714286
2.439976204640095
2.439655172413793
2.4400475341651817
2.440558194774346
2.441305637982196
2.4411032028469752
2.4411973918197987
2.4409360189573457
2.4409117821195974
2.4408875739644973
2.441573033707866
2.441430260047282
2.4413467217956293
2.441263282172373
2.4412389380530977
2.441627358490566
2.4414849734826163
2.4414016489988226
2.44102413184226
2.440588235294118
2.4405055849500292
2.440834312573443
2.440986494421609
2.441255868544601
2.44158357771261
2.4420281359906215
2.442003514938489
2.4421545667447306
2.4426565242832066
2.443859649122807
2.443775569842198
2.4443925233644856
2.4453006421482777
2.444924154025671
2.4453644314868805
2.4459207459207457
2.4464181712288875
2.446449359720605
2.4464223385689357
2.446395348837209
2.4471237652527607
2.447038327526132
2.446720835751596
2.446809744779583
2.4467826086956523
2.4468713789107763
2.4465547191661843
2.4460648148148145
2.446096009253904
2.4461849710982655
2.445811669555171
2.4454387990762125
2.4453548759376806
2.4451557093425604
2.445014409221902
2.444930875576037
2.4451352907311454
2.445799769850403
2.446003450258769
2.4458045977011498
2.4458357265939115
2.4456371986222734
2.4454388984509468
2.445756880733945
2.4460171919770772
2.445704467353952
2.445678305666857
2.4458237986270026
2.44614065180103
2.446
2.446430611079383
2.446632420091324
2.4468339988590984
2.4469783352337515
2.446837606837607
2.4470956719817765
2.447410358565737
2.4475540386803187
2.4473564525298466
2.447102272727273
2.4478137421919364
2.4482406356413167
2.4483834373227458
2.4486961451247167
2.4491784702549575
2.4491506228765574
2.4490662139219017
2.448925339366516
2.4490107405313735
2.4493785310734464
2.449520045172219
2.449492099322799
2.449915397631133
2.4499436302142055
2.4500281690140846
2.449549549549549
2.449971862689927
2.4501124859392576
2.4507588532883644
2.450786516853933
2.4518248175182484
2.4521885521885527
2.4521031968592264
2.4524103139013453
2.452885154061625
2.4527995520716686
2.4531617235590373
2.453355704697987
2.453605366126328
2.4535754189944137
2.453433835845896
2.4545758928571426
2.454991634132738
2.4551282051282053
2.455543175487465
2.4564587973273944
2.456649972175849
2.456840934371524
2.457254030016676
2.4579444444444443
2.4579122709605774
2.4572142064372917
2.457404326123128
2.4573725055432374
2.458060941828255
2.4578626799557037
2.457443276148312
2.4573008849557523
2.457932559425097
2.457900552486188
2.4578685808945337
2.4578366445916116
2.4576944291230007
2.457662624035281
2.457410468319559
2.4574339207048452
2.4578425976884977
2.4576457645764576
2.457284222100055
2.4575824175824175
2.4586490939044485
2.4590559824368823
2.45990126165661
2.4599232456140347
2.4604931506849317
2.46013143483023
2.4607006020799123
2.4607768052516414
2.4608529250956805
2.461256830601093
2.4610595303113056
2.461080786026201
2.4618657937806874
2.46215921483097
2.461961852861035
2.462037037037037
2.462057702776266
2.46240478781284
2.4626971179989123
2.4627717391304347
2.4636067354698534
2.463517915309446
2.4633206728160606
2.463449023861171
2.4640650406504063
2.4642470205850486
2.465078505684894
2.4647727272727273
2.465224445646295
2.465027027027027
2.4649378714208536
2.4652267818574516
2.465299514301133
2.465318230852212
2.4651752021563342
2.465625
2.465966612816371
2.465769644779333
2.466541151156536
2.4664516129032257
2.466577109081139
2.466648764769066
2.4668813741277513
2.467113733905579
2.468471849865952
2.469560557341908
2.4697375468666314
2.469539614561028
2.4700374531835205
2.47
2.4701763762693743
2.470245726495726
2.471062466631073
2.4709178228388473
2.4705066666666666
2.470415778251599
2.470964304741609
2.47087326943557
2.4709419904204366
2.471010638297872
2.4708133971291866
2.471307120085016
2.4718534253850235
2.47192144373673
2.4725198938992046
2.4724814422057264
2.472284048754637
2.472298728813559
2.4727898358920064
2.473068783068783
2.4731887890005284
2.4730972515856235
2.47337559429477
2.4734424498416057
2.4736147757255935
2.4736814345991562
2.474275171323142
2.4743940990516333
2.4747235387045814
2.4743157894736845
2.4750131509731723
2.4757097791798106
2.475459800315292
2.475892857142857
2.4762729658792653
2.4762854144805875
2.476560041950708
2.4774633123689727
2.4778418019905715
2.4777486910994764
2.4780743066457354
2.478138075313807
2.4785676947203346
2.478317659352142
2.4780156657963452
2.4785490605427976
2.479081898800209
2.4796141814389987
2.479572694111517
2.4797395833333336
2.4804789172306085
2.480385015608741
2.4801872074883
2.480197505197505
2.480207792207792
2.480477673935618
2.4804878048780488
2.4801867219917013
2.4804561949196473
2.480621761658031
2.480631796996375
2.4803312629399583
2.4807553026383857
2.480610134436401
2.4807751937984497
2.4808367768595043
2.481156427465152
2.481475748194015
2.4813305827746257
2.4816494845360824
2.4820710973724887
2.4824407826982493
2.4823468862583633
2.4822016460905347
2.4826221079691515
2.482579650565262
2.4823317925012836
2.48264887063655
2.48322216521293
2.4834358974358977
2.4832906201947718
2.483555327868852
2.4840757808499747
2.484493346980553
2.4844501278772375
2.484355828220859
2.4849770056208484
2.485137895812053
2.485400714650331
2.4853061224489794
2.48556858745538
2.485270132517839
2.4847682119205294
2.484521384928717
2.4851399491094144
2.484689725330621
2.4846466700559224
2.484247967479675
2.4851701371254444
2.485228426395939
2.4857940131912732
2.485699797160243
2.4863152559553976
2.486271529888551
2.486987341772152
2.487803643724696
2.4884673748103188
2.488675429726997
2.488479029813037
2.4892929292929287
2.4896516910651187
2.4895055499495458
2.4895612708018153
2.4897681451612903
2.490226700251889
2.490231621349446
2.490236537493709
2.489939637826962
2.4908496732026144
2.491005025125628
2.4918131592164743
2.4916666666666667
2.492222779729052
2.4928284854563696
2.4928822055137845
2.4930360721442884
2.4933900851276913
2.493293293293293
2.493346673336668
2.4934
