1.1
1.2
1.2333333333333334
1.55
1.5400000000000005
1.7
1.6571428571428573
1.6125
1.5666666666666669
1.6
1.5727272727272728
1.5333333333333334
1.5384615384615383
1.514285714285714
1.513333333333333
1.5125
1.5058823529411764
1.5222222222222224
1.5421052631578949
1.53
1.547619047619048
1.518181818181818
1.5217391304347827
1.5250000000000001
1.512
1.5115384615384613
1.4962962962962965
1.5142857142857145
1.5586206896551724
1.593333333333333
1.6064516129032256
1.603125
1.5999999999999999
1.6088235294117645
1.6228571428571428
1.6305555555555558
1.6540540540540545
1.6342105263157898
1.6589743589743589
1.6649999999999998
1.6756097560975611
1.676190476190476
1.6697674418604649
1.6636363636363634
1.6599999999999997
1.6543478260869566
1.6404255319148935
1.6395833333333332
1.6408163265306122
1.6320000000000001
1.6215686274509804
1.6153846153846154
1.6283018867924528
1.637037037037037
1.6327272727272728
1.6374999999999997
1.6280701754385967
1.624137931034483
1.6288135593220339
1.646666666666667
1.632786885245902
1.632258064516129
1.6380952380952383
1.6328125
1.6276923076923075
1.6166666666666667
1.6074626865671644
1.6014705882352942
1.5927536231884056
1.6
1.6028169014084508
1.5930555555555557
1.5821917808219177
1.5770270270270275
1.572
1.5671052631578948
1.5623376623376624
1.5602564102564103
1.5531645569620254
1.5600000000000003
1.5592592592592593
1.5585365853658535
1.566265060240964
1.570238095238095
1.5741176470588236
1.574418604651163
1.5735632183908048
1.5681818181818183
1.5707865168539326
1.5677777777777777
1.5670329670329672
1.5771739130434783
1.5806451612903225
1.5765957446808512
1.5842105263157893
1.6010416666666667
1.6041237113402063
1.6010204081632655
1.5999999999999999
1.612
1.6237623762376239
1.622549019607843
1.6330097087378639
1.6451923076923076
1.6457142857142855
1.6556603773584908
1.669158878504673
1.6675925925925927
1.6623853211009174
1.6590909090909094
1.663963963963964
1.6705357142857138
1.672566371681416
1.6754385964912282
1.6834782608695655
1.6887931034482757
1.6931623931623931
1.7025423728813558
1.7050420168067226
1.705
1.7107438016528929
1.7229508196721308
1.7292682926829268
1.7475806451612903
1.7559999999999998
1.7626984126984127
1.7700787401574805
1.77734375
1.782170542635659
1.7792307692307692
1.7732824427480913
1.7818181818181817
1.7804511278195487
1.7917910447761194
1.78962962962963
1.7845588235294119
1.7883211678832116
1.7811594202898555
1.7798561151079137
1.785714285714286
1.7851063829787233
1.7957746478873244
1.8020979020979024
1.801388888888889
1.8062068965517244
1.8102739726027395
1.81156462585034
1.8148648648648649
1.8194630872483224
1.8200000000000003
1.8165562913907287
1.8131578947368419
1.8091503267973856
1.8064935064935068
1.80258064516129
1.7967948717948719
1.7955414012738853
1.7930379746835445
1.7955974842767293
1.790625
1.790062111801242
1.7888888888888885
1.7957055214723927
1.799390243902439
1.804242424242424
1.8090361445783132
1.8089820359281437
1.8214285714285712
1.8331360946745563
1.8370588235294114
1.8345029239766084
1.8313953488372092
1.8346820809248556
1.8362068965517242
1.8302857142857143
1.8375
1.8423728813559321
1.8421348314606738
1.8441340782122904
1.8449999999999995
1.849171270718232
1.8445054945054946
1.8453551912568305
1.8451086956521738
1.8421621621621622
1.8435483870967744
1.8417112299465237
1.8452127659574469
1.8460317460317461
1.8505263157894736
1.856020942408377
1.8541666666666667
1.8575129533678758
1.8608247422680413
1.8630769230769229
1.8632653061224491
1.8644670050761423
1.8722222222222225
1.8763819095477388
1.877
1.8746268656716416
1.8747524752475246
1.8773399014778327
1.8833333333333335
1.884390243902439
1.8898058252427183
1.8942028985507249
1.8927884615384616
1.8952153110047845
1.8957142857142855
1.8990521327014218
1.9004716981132073
1.9014084507042255
1.914485981308411
1.9167441860465118
1.922222222222222
1.9225806451612903
1.924770642201835
1.923744292237443
1.9231818181818177
1.9212669683257917
1.9229729729729734
1.9219730941704036
1.9183035714285719
1.922222222222222
1.9283185840707966
1.9273127753303965
1.9267543859649123
1.9305676855895197
1.9326086956521737
1.9350649350649352
1.9344827586206896
1.9360515021459233
1.9363247863247863
1.9374468085106382
1.9377118644067797
1.9383966244725737
1.939495798319328
1.9439330543933053
1.9425000000000001
1.942738589211618
1.9425619834710743
1.9444444444444442
1.9454918032786885
1.9453061224489798
1.9463414634146339
1.9489878542510124
1.9495967741935485
1.9473895582329317
1.9495999999999998
1.950996015936255
1.9484126984126984
1.9466403162055332
1.9460629921259844
1.9447058823529413
1.942578125
1.9451361867704282
1.9445736434108525
1.9424710424710423
1.9449999999999998
1.9521072796934866
1.95381679389313
1.955893536121673
1.9587121212121215
1.9562264150943391
1.9593984962406013
1.9580524344569294
1.9559701492537314
1.9576208178438663
1.9544444444444449
1.955350553505535
1.9547794117647055
1.9560439560439566
1.9562043795620436
1.9603636363636365
1.9605072463768116
1.9613718411552346
1.9665467625899278
1.969175627240143
1.9707142857142859
1.972597864768683
1.971985815602837
1.9756183745583038
1.9760563380281688
1.9789473684210528
1.9779720279720283
1.9811846689895471
1.9854166666666668
1.98961937716263
1.9958620689655173
1.9975945017182135
1.9986301369863013
1.9996587030716726
1.9979591836734696
1.9962711864406781
1.9959459459459457
1.9949494949494953
1.9996644295302013
1.9983277591973245
1.9986666666666664
1.9963455149501659
1.9956953642384103
1.995049504950495
1.9937500000000004
1.9937704918032786
1.9941176470588236
1.9954397394136811
1.9931818181818184
1.9961165048543692
1.9990322580645163
2.0000000000000004
1.9993589743589744
2.008945686900959
2.0105095541401274
2.0142857142857147
2.013924050632912
2.0116719242902206
2.011635220125786
2.0119122257053292
2.0128125
2.0118380062305294
2.014906832298137
2.01640866873065
2.017283950617284
2.0178461538461536
2.0208588957055214
2.0195718654434254
2.0167682926829267
2.015501519756839
2.0166666666666666
2.0175226586102717
2.0168674698795184
2.01981981981982
2.021556886227545
2.022089552238806
2.0220238095238097
2.0225519287833826
2.0210059171597634
2.022713864306785
2.024117647058824
2.0225806451612907
2.0230994152046784
2.0236151603498542
2.0247093023255816
2.026666666666667
2.026878612716763
2.0279538904899135
2.027586206896552
2.0303724928366766
2.0308571428571427
2.0296296296296292
2.0301136363636365
2.032011331444759
2.0310734463276834
2.030704225352113
2.035112359550562
2.035014005602241
2.0379888268156425
2.0403899721448466
2.04
2.042105263157895
2.0433701657458565
2.0498622589531683
2.049725274725275
2.05013698630137
2.053825136612022
2.0550408719346054
2.0573369565217394
2.0582655826558263
2.0594594594594597
2.064420485175202
2.063978494623656
2.067292225201072
2.069251336898396
2.0701333333333336
2.0710106382978726
2.0740053050397877
2.0730158730158728
2.0770448548812666
2.075
2.074803149606299
2.071989528795812
2.0699738903394254
2.070052083333333
2.072467532467532
2.0764248704663215
2.0770025839793282
2.0786082474226797
2.082005141388175
2.083076923076923
2.085677749360614
2.088010204081633
2.0890585241730277
2.090609137055838
2.088607594936709
2.088636363636364
2.0909319899244334
2.091959798994975
2.09047619047619
2.0892499999999994
2.089775561097257
2.0917910447761194
2.0910669975186105
2.0933168316831687
2.095061728395062
2.0945812807881774
2.0953316953316956
2.0987745098039214
2.1002444987775064
2.0990243902439025
2.0995133819951333
2.100728155339806
2.1029055690072638
2.101449275362319
2.1000000000000005
2.099519230769231
2.0992805755395683
2.101196172248804
2.1031026252983294
2.1064285714285718
2.106650831353919
2.1071090047393364
2.1080378250591014
2.109433962264151
2.1103529411764703
2.110328638497653
2.113817330210773
2.115654205607476
2.116783216783217
2.1181395348837206
2.1162412993039443
2.1173611111111112
2.11986143187067
2.121198156682028
2.1209195402298855
2.1217889908256877
2.1237986270022886
2.1230593607305934
2.1236902050113895
2.128636363636364
2.129251700680272
2.1321266968325787
2.132279909706546
2.1333333333333337
2.1341573033707864
2.1340807174887892
2.1371364653243843
2.1388392857142855
2.140311804008909
2.1417777777777776
2.1407982261640797
2.14070796460177
2.1384105960264903
2.137885462555066
2.139340659340659
2.141447368421052
2.142669584245077
2.147161572052402
2.150108932461874
2.1521739130434785
2.150759219088937
2.148917748917749
2.1488120950323975
2.148922413793104
2.149462365591398
2.1493562231759653
2.1533190578158456
2.1532051282051277
2.1535181236673773
2.1542553191489366
2.1539278131634823
2.1533898305084747
2.15369978858351
2.15632911392405
2.1566315789473682
2.155882352941176
2.156603773584906
2.160041841004184
2.160125260960334
2.1597916666666666
2.1611226611226617
2.1614107883817426
2.1648033126293997
2.1673553719008263
2.168247422680412
2.1670781893004114
2.168377823408624
2.168237704918033
2.1685071574642123
2.1681632653061227
2.169653767820774
2.1715447154471543
2.171196754563894
2.172064777327935
2.173535353535354
2.1752016129032254
2.176056338028169
2.1781124497991966
2.1801603206412823
2.1797999999999997
2.179640718562874
2.182669322709163
2.1811133200795227
2.180555555555556
2.182376237623762
2.1818181818181817
2.180867850098619
2.1812992125984247
2.181139489194499
2.1803921568627453
2.18160469667319
2.179296875
2.1808966861598442
2.180350194552529
2.1786407766990292
2.181201550387597
2.1820116054158603
2.1839768339768346
2.1843930635838147
2.1861538461538457
2.186180422264875
2.1900383141762454
2.1908221797323137
2.190458015267176
2.1910476190476187
2.1910646387832697
2.1935483870967745
2.193939393939394
2.194706994328923
2.1949056603773585
2.195291902071563
2.1960526315789473
2.1984990619136964
2.199625468164794
2.1994392523364485
2.200559701492538
2.200372439478585
2.2018587360594797
2.204081632653062
2.2046296296296295
2.2059149722735674
2.2090405904059045
2.211049723756906
2.2132352941176467
2.2139449541284404
2.2126373626373628
2.2122486288848267
2.212773722627737
2.2129326047358835
2.2123636363636363
2.210889292196007
2.2141304347826085
2.2160940325497287
2.216064981949459
2.2180180180180176
2.218525179856115
2.222441651705566
2.221146953405018
2.22093023255814
2.221607142857143
2.2231729055258467
2.2218861209964413
2.223623445825933
2.224290780141844
2.2242477876106195
2.2261484098939928
2.2294532627865964
2.2304577464788737
2.2330404217926185
2.232982456140351
2.2316987740805603
2.2311188811188813
2.230715532286213
2.231010452961672
2.2323478260869565
2.2338541666666663
2.2341421143847486
2.23477508650519
2.2340241796200346
2.235
2.238037865748709
2.2386597938144335
2.237221269296741
2.238013698630137
2.237435897435897
2.2377133105802054
2.238330494037479
2.2414965986394555
2.243123938879456
2.2420338983050847
2.243147208121827
2.243243243243243
2.245868465430017
2.245622895622896
2.246218487394958
2.246979865771812
2.2470686767169177
2.2459866220735782
2.249248747913189
2.2504999999999997
2.251747088186356
2.2506644518272423
2.250746268656717
2.2504966887417215
2.250413223140496
2.251155115511551
2.2520593080724876
2.252302631578947
2.2522167487684728
2.252622950819672
2.253682487725041
2.2531045751633987
2.253833605220229
2.254560260586319
2.2539837398373983
2.253571428571429
2.2531604538087513
2.2532362459546924
2.253796445880452
2.253548387096774
2.2552334943639294
2.2548231511254024
2.2553772070626
2.2565705128205127
2.25856
2.2584664536741217
2.259968102073365
2.2616242038216563
2.2672496025437203
2.2695238095238097
2.2709984152139464
2.2707278481012656
2.2717219589257502
2.27192429022082
2.2733858267716536
2.275
2.2739403453689166
2.274764890282132
2.2735524256651014
2.2732812499999997
2.2730109204368176
2.2725856697819315
2.2729393468118197
2.2726708074534163
2.2727131782945738
2.273529411764706
2.273570324574961
2.272993827160494
2.272265023112481
2.2729230769230773
2.27357910906298
2.275
2.274885145482389
2.2743119266055047
2.2728244274809155
2.273628048780488
2.2754946727549465
2.2755319148936173
2.276631259484067
2.276818181818182
2.2754916792738276
2.274320241691843
2.273755656108597
2.2730421686746984
2.2733834586466166
2.273723723723724
2.2737631184407796
2.275
2.2775784753363224
2.28
2.2803278688524595
2.279761904761904
2.2803863298662703
2.2835311572700294
2.284
2.2843195266272187
2.285672082717873
2.285840707964602
2.285861561119293
2.284264705882353
2.2838472834067547
2.2847507331378294
2.2850658857979504
2.286257309941521
2.285693430656934
2.2865889212827986
2.286171761280932
2.2872093023255817
2.2873730043541363
2.2869565217391306
2.2861070911722146
2.286994219653179
2.286435786435787
2.288328530259366
2.2876258992805756
2.2879310344827593
2.2889526542324248
2.289828080229227
2.289842632331903
2.2901428571428575
2.290014265335235
2.289458689458689
2.2894736842105265
2.2890624999999996
2.2886524822695034
2.289518413597734
2.2886845827439886
2.290677966101695
2.2913963328631874
2.2918309859154924
2.29212376933896
2.2924157303370785
2.293267882187938
2.2929971988795517
2.2945454545454544
2.2941340782122905
2.295118549511855
2.296100278551532
2.2958275382475657
2.2961111111111117
2.295977808599168
2.295706371191136
2.2952973720608574
2.2944751381215474
2.2935172413793103
2.2944903581267218
2.2940852819807427
2.292307692307692
2.2925925925925927
2.2941095890410956
2.294938440492476
2.295491803278688
2.2954979536152798
2.2959128065395094
2.295374149659864
2.294972826086957
2.2949796472184536
2.2955284552845527
2.295669824086603
2.2958108108108104
2.2959514170040487
2.2960916442048513
2.295962314939435
2.2967741935483867
2.296375838926174
2.297184986595174
2.2973226238286477
2.297860962566845
2.299866488651536
2.3
2.299733688415446
2.2985372340425534
2.3002656042496676
2.3014588859416447
2.3017218543046356
2.3031746031746034
2.303038309114928
2.304089709762533
2.3051383399209486
2.3046052631578946
2.306438896189225
2.3091863517060367
2.310091743119266
2.3108638743455496
2.3117647058823527
2.312793733681462
2.3130378096479793
2.311848958333333
2.3131339401820545
2.3137662337662332
2.3134889753566794
2.3141191709844557
2.3144890038809836
2.3161498708010333
2.316774193548387
2.317396907216495
2.317117117117117
2.317866323907455
2.317971758664955
2.318589743589744
2.3186939820742634
2.3181585677749363
2.318007662835249
2.3176020408163263
2.3178343949044584
2.318575063613232
2.3200762388818297
2.319670050761421
2.320025348542459
2.3217721518987338
2.3219974715549934
2.32209595959596
2.3242118537200502
2.3288413098236775
2.328176100628931
2.328517587939699
2.3291091593475537
2.331578947368421
2.332415519399249
2.333125
2.3354556803995004
2.336284289276808
2.3376089663760893
2.336691542288557
2.3385093167701867
2.3410669975186105
2.3410161090458486
2.340965346534653
2.3400494437577257
2.3400000000000003
2.3387176325524046
2.338177339901477
2.338130381303813
2.3393120393120395
2.33963190184049
2.339460784313726
2.3408812729498165
2.340709046454768
2.3406593406593403
2.3398780487804878
2.3401948842874543
2.3420924574209248
2.3426488456865124
2.3428398058252426
2.343030303030303
2.3440677966101697
2.3435308343409913
2.3435990338164254
2.3445114595898673
2.3440963855421684
2.3438026474127556
2.343629807692308
2.344297719087635
2.344724220623502
2.3452694610778444
2.3450956937799043
2.3459976105137392
2.3471360381861577
2.34684147794994
2.346547619047619
2.3468489892984548
2.3473871733966747
2.3474495848161325
2.3472748815165874
2.348520710059172
2.347517730496454
2.3489964580873672
2.348584905660377
2.348645465253239
2.349764705882353
2.3497062279670975
2.3502347417840372
2.3518171160609613
2.3531615925058547
2.3532163742690058
2.353855140186916
2.3550758459743286
2.3559440559440556
2.356344586728754
2.3575581395348832
2.3583042973286874
2.3597447795823667
2.3597914252607186
2.359143518518519
2.360346820809249
2.360739030023095
2.3605536332179926
2.3609447004608297
2.361680092059839
2.361954022988506
2.3631458094144664
2.363188073394496
2.362428407789232
2.3629290617848975
2.362971428571429
2.3632420091324198
2.364880273660205
2.3658314350797265
2.3676905574516494
2.3680681818181815
2.3687854710556184
2.3695011337868475
2.368969422423556
2.369004524886878
2.368813559322034
2.3705417607223476
2.3706877113866973
2.371621621621622
2.3714285714285714
2.3717977528089884
2.3723905723905725
2.373318385650224
2.3734602463605827
2.3729306487695747
2.3736312849162013
2.372879464285714
2.373021181716834
2.3730512249443203
2.3728587319243606
2.372777777777778
2.373362930077691
2.372838137472283
2.37375415282392
2.373451327433629
2.373922651933701
2.374724061810155
2.3748621830209484
2.3748898678414094
2.375247524752475
2.3787912087912084
2.377716794731065
2.3778508771929827
2.3798466593647314
2.3798687089715536
2.380218579234973
2.3793668122270737
2.3790621592148313
2.378649237472767
2.378998911860718
2.378478260869565
2.3787187839305104
2.3783080260303686
2.378981581798483
2.3787878787878785
2.3776216216216213
2.3785097192224622
2.3781014023732463
2.378125
2.3787944025834227
2.3783870967741936
2.378625134264232
2.379399141630901
2.380278670953912
2.3815845824411133
2.3819251336898395
2.3821581196581194
2.382604055496265
2.3823027718550103
2.3824281150159745
2.382553191489362
2.38289054197662
2.3837579617834397
2.38356309650053
2.384004237288136
2.3838095238095236
2.3834038054968287
2.384054910242872
2.3838607594936705
2.3848261327713383
2.3853684210526316
2.384858044164038
2.3846638655462185
2.3848898216159498
2.3846960167714886
2.3849214659685867
2.3851464435146443
2.385788923719958
2.3852818371607514
2.386444212721585
2.387083333333333
2.388449531737773
2.388253638253638
2.3880581516095534
2.3885892116182577
2.3894300518134712
2.3905797101449275
2.390589451913134
2.390289256198347
2.3910216718266253
2.392268041237113
2.394232749742534
2.3947530864197533
2.3952723535457343
2.3955852156057493
2.3953846153846152
2.395184426229508
2.39467758444217
2.394580777096114
2.394790602655771
2.3944897959183673
2.395107033639144
2.395519348268839
2.3954221770091553
2.395223577235772
2.3955329949238577
2.3954361054766733
2.396149949341439
2.396457489878542
2.3979777553083923
2.3992929292929293
2.39899091826438
2.398487903225806
2.401007049345418
2.40010060362173
2.400100502512563
2.399799196787149
2.4008024072216654
2.401703406813627
2.4024024024024024
2.4021
2.4025974025974026
2.4032934131736523
2.40309072781655
2.4039840637450203
2.4048756218905476
2.4055666003976146
2.4062562065541213
2.405952380952381
2.4067393458870168
2.4073267326732672
2.407814045499505
2.4073122529644264
2.407403751233958
2.4069033530571993
2.40679802955665
2.4072834645669294
2.4073746312684365
2.407858546168959
2.4080471050049064
2.409019607843137
2.4092066601371203
2.410665362035225
2.410557184750733
2.41220703125
2.4124878048780487
2.413157894736842
2.413729308666017
2.4142023346303505
2.414965986394558
2.416116504854369
2.4162948593598452
2.416279069767442
2.415779283639884
2.415280464216634
2.4155555555555557
2.4156370656370654
2.4152362584378015
2.415125240847784
2.4151106833493747
2.415769230769231
2.4158501440922193
2.416506717850288
2.4165867689357623
2.4171455938697317
2.4166507177033494
2.4163479923518163
2.4159503342884427
2.4163167938931296
2.4159199237368925
2.4156190476190473
2.415794481446242
2.415779467680608
2.4158594491927827
2.415749525616698
2.415924170616114
2.415909090909091
2.4158940397350994
2.4170132325141775
2.417469310670444
2.4184905660377356
2.4193213949104613
2.419209039548023
2.419379115710254
2.4194548872180452
2.421032863849766
2.4212945590994375
2.4208059981255863
2.4207865168539326
2.4213283442469598
2.421121495327103
2.421381886087768
2.421268656716418
2.4216216216216218
2.421601489757914
2.421581395348837
2.421654275092937
2.4225626740947073
2.4222634508348793
2.422520852641335
2.423518518518519
2.424236817761332
2.4248613678373383
2.4249307479224376
2.4261070110701106
2.426543778801843
2.426427255985267
2.426126954921803
2.4266544117647055
2.426629935720844
2.427247706422018
2.4268560953253897
2.4284798534798537
2.429185727355901
2.4289762340036565
2.4285844748858447
2.4284671532846716
2.428623518687329
2.4279599271402548
2.4280254777070067
2.4284545454545454
2.4286103542234327
2.428584392014519
2.4287398005439713
2.4283514492753624
2.42814479638009
2.427757685352622
2.4276422764227643
2.427436823104693
2.429936880072137
2.430900900900901
2.4301530153015305
2.4301258992805757
2.4300988319856245
2.4297127468581685
2.4300448430493273
2.430555555555556
2.43088630259624
2.430948121645796
2.4319034852546912
2.4320535714285714
2.4331846565566453
2.4327094474153297
2.4327693677649154
2.433540925266904
2.434133333333333
2.4342806394316168
2.434516415261757
2.4344858156028373
2.4359610274579273
2.4359292035398226
2.4360742705570293
2.4362190812720845
2.436187113857017
2.43641975308642
2.436828193832599
2.4364436619718313
2.4368513632365874
2.4373462214411243
2.4369622475856016
2.4364912280701754
2.4367221735319893
2.4378283712784588
2.4383202099737535
2.439248251748251
2.4391266375545855
2.440052356020942
2.440366172624237
2.441289198606272
2.441427328111401
2.440695652173913
2.4402258905299736
2.4409722222222223
2.44163052905464
2.442201039861352
2.442077922077922
2.4431660899653975
2.444252376836647
2.4440414507772017
2.444434857635893
2.4443103448275862
2.444875107665805
2.444061962134251
2.443938091143594
2.44372852233677
2.4439484978540773
2.4446826758147515
2.444644387317909
2.444434931506849
2.4455945252352436
2.445213675213675
2.4455166524338177
2.446160409556314
2.447058823529412
2.4470187393526404
2.447489361702128
2.447278911564626
2.4483432455395073
2.4488115449915107
2.4484308736217133
2.4483898305084746
2.449195596951736
2.448984771573604
2.4487743026204565
2.4492398648648654
2.4491983122362866
2.449494097807757
2.4491996630160067
2.449326599326599
2.451471825063078
2.4530252100840335
2.4537363560033585
2.4544463087248323
2.454652137468567
2.4537688442211048
2.4533891213389123
2.453010033444816
2.4537176274018377
2.4537562604340564
2.4537948290241873
2.45375
2.4545378850957538
2.454825291181364
2.454114713216957
2.4539867109634548
2.4546887966804976
2.4545605306799336
2.454929577464789
2.455132450331126
2.4564102564102566
2.456611570247934
2.4571428571428573
2.4568481848184818
2.457131079967024
2.457331136738056
2.4571193415637858
2.4576480263157894
2.45784716516023
2.458949096880132
2.4589827727645615
2.4581967213114755
2.4583128583128584
2.458019639934533
2.4573998364677023
2.4579248366013067
2.459020408163265
2.460195758564437
2.4602281988590056
2.4596905537459284
2.4596419853539464
2.460650406504065
2.460844841592201
2.461607142857143
2.462043795620438
2.4618314424635335
2.4619433198380567
2.4624595469255666
2.462813257881972
2.462762520193861
2.4627118644067796
2.46258064516129
2.4633360193392426
2.4635265700483084
2.4641995172968625
2.464067524115756
2.465622489959839
2.466131621187801
2.4665597433841215
2.4670673076923078
2.467574059247398
2.46928
2.4689848121502798
2.4700479233226837
2.470311252992817
2.471052631578947
2.471713147410359
2.4713375796178343
2.4714399363564046
2.472019077901431
2.4720413026211276
2.472142857142857
2.4732751784298173
2.4730586370839935
2.473950910530483
2.4746044303797468
2.4750988142292494
2.4756714060031593
2.4758484609313336
2.4756309148264983
2.476674546887313
2.4774015748031495
2.4771046420141625
2.4773584905660377
2.4772977219167323
2.4768445839874413
2.4770196078431375
2.476880877742947
2.4765074393108852
2.4773865414710485
2.478342455043002
2.4784375
2.4785323965651838
2.478705148205928
2.478721745908028
2.4786604361370714
2.4790661478599225
2.47846034214619
2.4792540792540794
2.480512422360248
2.4811481768813035
2.481007751937984
2.480867544539117
2.4808823529411765
2.4805877803557617
2.480602782071098
2.481312741312741
2.481095679012346
2.481033153430995
2.4806625577812023
2.48044649730562
2.480846153846154
2.4818601076095312
2.48110599078341
2.481580966999233
2.481671779141104
2.4818390804597703
2.482312404287902
2.483091048201989
2.4824923547400615
2.4825057295645534
2.4827480916030535
2.482608695652174
2.482317073170732
2.482330540746382
2.482191780821918
2.481977186311787
2.4815349544072953
2.4819286256643887
2.4836874051593325
2.4834723275208495
2.4829545454545454
2.4831188493565484
2.4830559757942514
2.4835978835978834
2.4849697885196376
2.485207547169811
2.485067873303167
2.485003767897513
2.4847891566265057
2.484650112866817
2.4848872180451123
2.485424492862509
2.4857357357357355
2.4864966241560387
2.4862068965517237
2.485468164794008
2.4857035928143714
2.4861630516080777
2.4862481315396114
2.486706497386109
2.4861940298507466
2.485980611483967
2.4862146050670644
2.4864482501861507
2.4857142857142858
2.4860223048327135
2.4852154531946504
2.485894580549369
2.4860534124629083
2.4863602668643443
2.4855555555555555
2.485714285714286
2.486390532544379
2.486991869918699
2.487444608567208
2.4876014760147602
2.4872418879056046
2.4878408253500366
2.488217967599411
2.4884473877851363
2.4888970588235293
2.4892725936811173
2.4892070484581494
2.4891415994130597
2.489076246334311
2.4895970695970697
2.48909224011713
2.4893928310168247
2.4896198830409353
2.4899196493791087
2.4894890510948904
2.490590809628009
2.490087463556851
2.4903860160233067
2.4906841339155745
2.491054545454545
2.490625
2.4915032679738554
2.491799709724238
2.4915881073241484
2.4917391304347825
2.492614047791455
2.4933429811866863
2.4932031814895157
2.4928468208092482
2.4932129963898917
2.493073593073593
2.4935111751982695
2.493155619596542
2.493088552915767
2.4927338129496404
2.493026599568656
2.4931752873563218
2.4935391241923903
2.494261119081779
2.494480286738351
2.4942693409742125
2.4941302791696494
2.4942060085836912
2.4949249463902787
2.495214285714286
2.4950749464668096
2.495007132667618
2.4952245188880973
2.4953703703703702
2.4951601423487544
2.4947368421052634
2.495095948827292
2.494957386363636
2.494748048261178
2.4943971631205675
2.4944720056697376
2.494546742209632
2.494762915782024
2.4951202263083454
2.4945583038869255
2.4947740112994348
2.4952717007762875
2.4955571227080395
2.4950669485553205
2.495422535211268
2.4963406052076005
2.497046413502109
2.4977512297962052
2.4978932584269664
2.4981052631578953
2.497826086956522
2.497757533286615
2.4977591036414566
2.497760671798461
2.4978321678321675
2.497554157931517
2.49713687150838
2.4971388695045365
2.497419804741981
2.4970731707317073
2.4971448467966573
2.4978427279053586
2.4981919332406113
2.498610145934677
2.4983333333333335
2.498612074947953
2.498682385575589
2.4984060984060985
2.497714681440443
2.4973702422145334
2.4988243430152144
2.4993780234968903
2.4991712707182323
2.499447895100069
2.5
2.4997932460372154
2.499931129476584
2.5002064693737096
2.500962861072902
2.501030927835051
2.5009615384615382
2.5007549759780368
2.501097393689986
2.501028101439342
2.501164383561644
2.501848049281314
2.5014363885088917
2.501025290498975
2.5007513661202188
2.5010238907849827
2.501091405184175
2.501431492842536
2.501362397820164
2.502450646698434
2.502517006802721
2.502515295717199
2.5021059782608694
2.5021045485403937
2.5021031207598368
2.501898305084745
2.5025067750677508
2.502505077860528
2.502841677943166
2.503380662609872
2.5040540540540546
2.504794058068873
2.5044534412955466
2.504180714767364
2.504380053908356
2.504040404040404
2.503903095558546
2.503631472763954
2.5034946236559135
2.503492276695769
2.5036241610738257
2.5035546613011403
2.5034182305630024
2.5046215673141328
2.50421686746988
2.503745819397994
2.504144385026738
2.5048764195056776
2.5046061415220295
2.504803202134757
2.5046000000000004
2.504663557628248
2.5048601864181093
2.505455755156354
2.5054521276595745
2.5067109634551494
2.5071049136786185
2.5068347710683474
2.507427055702918
2.507488402915838
2.507615894039735
2.508537392455328
2.508002645502646
2.508658294778586
2.5095112285336856
2.50976897689769
2.5097625329815303
2.5098220171390904
2.510276679841897
2.510335747202107
2.5098684210526314
2.51025641025641
2.5100525624178713
2.5095206828627705
2.509580052493438
2.5095081967213115
2.509239842726081
2.508775376555337
2.5095549738219898
2.5096141268803143
2.509281045751634
2.5103853690398434
2.510248041775457
2.510437051532942
2.5103650586701436
2.5103583061889254
2.5102213541666667
2.510279765777489
2.5100130039011708
2.5092267706302795
2.5088961038961037
2.508695652173913
2.5084954604409857
2.508878807517822
2.5092616580310882
2.5093203883495145
2.509896507115136
2.510277957336781
2.5098191214470282
2.5099418979987087
2.5102580645161297
2.5102514506769826
2.510567010309278
2.510495814552479
2.5107464607464607
2.5109967845659167
2.5117609254498716
2.5118175979447654
2.511360718870346
2.5116741500962156
2.5115384615384615
2.511979500320307
2.5115236875800253
2.5120281509916826
2.511892583120205
2.5120127795527156
2.5118773946360156
2.511359285258455
2.511607142857143
2.5120458891013384
2.512292993630573
2.512221514958625
2.5121501272264632
2.5123331214240308
2.5124523506988563
2.5129523809523806
2.512944162436548
2.5129359543436904
2.5123574144486693
2.5125395820139333
2.513164556962025
2.5142314990512333
2.5145385587863465
2.5147188881869864
2.5143939393939396
2.5142586750788642
2.5138713745271124
2.513925645872716
2.5139168765743074
2.514600377595972
2.514465408805031
2.5142049025769952
2.514572864321608
2.514563716258632
2.514240903387704
2.5145454545454546
2.514536340852131
2.5150907952410764
2.514768460575719
2.5142589118198875
2.51375
2.5138663335415368
2.5135455680399503
2.513911416094822
2.5140897755610974
2.514018691588785
2.5138231631382317
2.5140012445550717
2.513805970149254
2.5141702921068987
2.5147826086956524
2.5144630664183736
2.51575682382134
2.5157470551766896
2.5160470879801737
2.516222910216718
2.5162128712871286
2.5173778602350025
2.5175525339925833
2.5177887584928973
2.5182716049382714
2.5185687847008023
2.518865598027127
2.5189772027110284
2.5188423645320195
2.5192
2.5188806888068878
2.519176398279041
2.5191031941031943
2.5195825659914055
2.519325153374233
2.5194972409564684
2.5191789215686273
2.519167176974893
2.519339045287638
2.5193272171253827
2.518765281173594
2.5185705558949296
2.5186813186813186
2.5184868822452717
2.5186585365853658
2.518829981718464
2.519062119366626
2.518746195982958
2.5183698296836985
2.5182370820668694
2.5179829890643983
2.517486338797814
2.5172936893203883
2.5175257731958762
2.518
2.518291944276196
2.5182203389830513
2.51881427707199
2.519044740024184
2.5191540785498487
2.5188405797101447
2.5188895594447795
2.518938480096502
2.5190476190476194
2.5188554216867467
2.519024683925346
2.519193742478941
2.519723391461215
2.5201322115384612
2.52006006006006
2.5202280912364947
2.5199760047990405
2.5194844124700237
2.5197723187537444
2.5199401197604794
2.5195092758827053
2.5195574162679426
2.519904363419008
2.5199522102747904
2.519940298507463
2.5197494033412893
2.519916517590936
2.5194278903456495
2.51882072662299
2.5186309523809522
2.519214753123141
2.5193222354340072
2.519073083778966
2.519061757719715
2.5189317507418396
2.5188018979833933
2.518790752815649
2.5189573459715637
2.5191829484902306
2.5192899408284024
2.5196333530455357
2.5199763593380613
2.520968694624926
2.5207201889020068
2.52070796460177
2.5208136792452835
2.5212139068945194
2.521201413427562
2.5208357857563275
2.520764705882353
2.5214579659024103
2.521269095182139
2.521197886083382
2.520833333333333
2.5210557184750733
2.5208089097303636
2.5213825424721734
2.5210772833723656
2.520772381509655
2.5204093567251467
2.52104032729398
2.520911214953271
2.5213660245183886
2.522053675612602
2.5214577259475215
2.520979020979021
2.521665695981363
2.522467986030268
2.522047702152414
2.5217441860465115
2.522893666472981
2.5224157955865274
2.522576900754498
2.5222737819025522
2.5224927536231885
2.5224797219003476
2.5224667052692533
2.5225115740740742
2.5226142278773858
2.522543352601156
2.5227036395147313
2.522863741339492
2.5234852856318524
2.5239907727796997
2.5246109510086456
2.5249423963133637
2.525043177892919
2.5247410817031066
2.5246693502012647
2.5248275862068965
2.525674899483056
2.525545350172216
2.5256454388984517
2.52545871559633
2.5255587392550143
2.5256013745704466
2.5253577561534057
2.5257437070938216
2.5260148656375074
2.5257142857142854
2.5259851513420903
2.5263698630136986
2.526525955504849
2.52594070695553
2.525868945868946
2.525740318906606
2.525782583949914
2.5256541524459615
2.5258101193860147
2.526022727272727
2.5260079500283927
2.5255391600454025
2.5251843448667044
2.5253968253968258
2.52600566572238
2.5263306908267267
2.5262026032823997
2.5258484162895924
2.5262295081967214
2.526497175141243
2.526312817617165
2.5260158013544016
2.5266779469825154
2.526719278466742
2.5274366197183094
2.5274774774774773
2.5277433877321327
2.5277840269966254
2.5284991568296795
2.529213483146067
2.529477821448624
2.5292929292929296
2.529108244531688
2.528811659192825
2.529355742296919
2.5286114221724523
2.528427532176833
2.5281319910514544
2.5281162660704304
2.5282122905027933
2.5282523729759916
2.5282366071428575
2.528276631344116
2.5285953177257525
2.5281337047353762
2.5282293986636972
2.528158041179744
2.5280311457174642
2.528349082823791
2.5283333333333333
2.528039977790116
2.528690344062153
2.5284525790349415
2.528048780487805
2.528254847645429
2.527685492801772
2.5276701715550636
2.5279314159292037
2.5280265339966834
2.5279558011049725
2.52733296521259
2.5269315673289183
2.5266960838389414
2.5263506063947077
2.5264462809917356
2.5264867841409693
2.527407815079802
2.5276677667766783
2.5278174821330404
2.527417582417583
2.5274025260845683
2.5273874862788146
2.5277015907844214
2.527247807017544
2.5274520547945203
2.527272727272727
2.527422003284072
2.5269693654266954
2.5271733187534178
2.527158469945355
2.527252867285637
2.5275109170305674
2.527386797599564
2.527153762268266
2.5271389645776563
2.527178649237473
2.5266194882961353
2.5262241566920567
2.5262098966829796
2.525760869565217
2.5258011950027157
2.5254614549402823
2.5250678241996747
2.5252711496746203
2.5258536585365854
2.526435536294691
2.5262587980508933
2.525865800865801
2.526500811249324
2.526972972972973
2.527066450567261
2.5270518358531318
2.526875337290879
2.5264832793959004
2.526846361185984
2.526831896551724
2.5274098007539045
2.5275565123789017
2.527972027972028
2.527956989247312
2.5287479849543253
2.528356605800215
2.528502415458937
2.528648068669528
2.5286327077747988
2.5285637727759918
2.5292983395822173
2.529336188436831
2.5293204922418404
2.529197860962567
2.5290753607696415
2.528846153846154
2.529097704217832
2.5289220917822837
2.528693333333334
2.528731343283582
2.5287693127330844
2.528966986155485
2.52868547099521
2.528510638297872
2.5286549707602335
2.529117959617428
2.5288369622942115
2.5294055201698518
2.529973474801061
2.529745493107105
2.5294117647058822
2.5290254237288137
2.5289571201694017
2.528518518518518
2.528979375991539
2.5287526427061313
2.5286846275752777
2.5285638859556494
2.528179419525066
2.5283755274261606
2.5282551396942545
2.528503688092729
2.5278567667193257
2.528263157894737
2.5283008942661755
2.5279705573080973
2.5283236994219656
2.527888655462185
2.527874015748032
2.5279643231899263
2.5277399056109067
2.52751572327044
2.528077527501309
2.528010471204188
2.527891156462585
2.528085774058577
2.5279665446941975
2.527951933124347
2.527832898172324
2.5275052192066805
2.5272822117892546
2.5267987486965593
2.52636789994789
2.52640625
2.526808953669964
2.526795005202914
2.5264170566822672
2.5263513513513507
2.526909090909091
2.5271547248182764
2.527244421380384
2.5271784232365144
2.5276308968377394
2.5278238341968913
2.5276540652511654
2.527846790890269
2.5287118468701495
2.5285935884177873
2.528217054263566
2.528202479338843
2.5283427981414555
2.5284313725490195
2.5281072717895823
2.5279896907216495
2.5280267903142706
2.528063851699279
2.527946474523932
2.527932098765432
2.5279177377892035
2.5278520041109966
2.5275808936825888
2.5274640657084184
2.527655207798871
2.5270769230769234
2.5272168118913383
2.5269467213114756
2.527291346646185
2.5274820880245654
2.5272122762148337
2.527556237218814
2.527797649463465
2.52752808988764
2.52736089841756
2.527397959183673
2.5275369709331974
2.5274719673802246
2.527356087620988
2.5273421588594704
2.527379134860051
2.527416073245168
2.5278088459583126
2.5276422764227644
2.52798374809548
2.528020304568528
2.528056823947235
2.5281947261663285
2.52818043588444
2.528115501519757
2.528050632911392
2.52834008097166
2.528325746079919
2.5282103134479272
2.5282465891864576
2.5282828282828285
2.5285209490156486
2.529011099899092
2.5287443267776095
2.528377016129032
2.5288664987405545
2.528700906344411
2.529038751887268
2.5291750503018107
2.529110105580694
2.529095477386935
2.529633350075339
2.530020080321285
2.5302057200200707
2.529789368104313
2.530325814536341
2.5310120240480964
2.530846269404106
2.5308808808808814
2.5303651825912956
2.53045
