1.3
1.25
1.0666666666666667
1.05
1.08
1.1166666666666667
1.1
1.0875
1.1111111111111112
1.12
1.1363636363636362
1.1583333333333332
1.153846153846154
1.1642857142857144
1.1533333333333335
1.1625
1.1764705882352942
1.2166666666666666
1.2000000000000002
1.22
1.2142857142857144
1.2045454545454546
1.2043478260869565
1.2208333333333334
1.232
1.2384615384615385
1.2296296296296299
1.2321428571428572
1.2379310344827585
1.2366666666666666
1.2516129032258063
1.259375
1.2575757575757578
1.2499999999999998
1.2457142857142856
1.2444444444444447
1.2351351351351352
1.226315789473684
1.2435897435897436
1.2375
1.2341463414634146
1.2261904761904763
1.2255813953488373
1.2227272727272727
1.2177777777777776
1.2130434782608694
1.2127659574468086
1.2145833333333333
1.2163265306122448
1.21
1.2117647058823529
1.2153846153846153
1.2169811320754715
1.2203703703703703
1.2145454545454544
1.2160714285714285
1.2157894736842105
1.2155172413793103
1.2203389830508473
1.225
1.2278688524590164
1.2258064516129032
1.2269841269841268
1.2328125
1.2323076923076923
1.2272727272727273
1.2417910447761193
1.2485294117647059
1.2536231884057973
1.2642857142857145
1.264788732394366
1.2666666666666666
1.2671232876712328
1.272972972972973
1.2853333333333332
1.2960526315789473
1.3012987012987012
1.2974358974358975
1.30253164556962
1.31375
1.319753086419753
1.319512195121951
1.3216867469879516
1.3261904761904764
1.3258823529411765
1.3209302325581396
1.3206896551724139
1.328409090909091
1.3348314606741574
1.3322222222222222
1.3340659340659342
1.3391304347826087
1.343010752688172
1.3414893617021277
1.3442105263157897
1.3510416666666665
1.3628865979381444
1.3591836734693876
1.3606060606060606
1.367
1.3653465346534654
1.361764705882353
1.3640776699029122
1.3673076923076921
1.3666666666666667
1.3641509433962267
1.3616822429906543
1.3675925925925925
1.3706422018348623
1.3727272727272728
1.3711711711711712
1.3750000000000002
1.3769911504424777
1.375438596491228
1.3730434782608696
1.374137931034483
1.3743589743589744
1.3728813559322035
1.373109243697479
1.3749999999999998
1.3776859504132233
1.3795081967213116
1.3869918699186994
1.395967741935484
1.3968
1.3944444444444444
1.3944881889763778
1.39609375
1.4007751937984498
1.3992307692307695
1.399236641221374
1.4015151515151516
1.4037593984962407
1.4044776119402984
1.4051851851851853
1.4080882352941178
1.4182481751824816
1.420289855072464
1.4194244604316548
1.425
1.424113475177305
1.4246478873239439
1.4272727272727272
1.4277777777777778
1.428965517241379
1.4294520547945204
1.434013605442177
1.441216216216216
1.4422818791946306
1.4440000000000002
1.4456953642384107
1.4467105263157893
1.4522875816993464
1.4512987012987013
1.4496774193548387
1.4506410256410258
1.4484076433121023
1.4468354430379746
1.4452830188679247
1.446875
1.4490683229813666
1.4462962962962964
1.4466257668711655
1.4463414634146339
1.4430303030303029
1.4469879518072286
1.4497005988023952
1.4517857142857142
1.4573964497041423
1.4594117647058824
1.4590643274853803
1.458720930232558
1.4583815028901734
1.4586206896551723
1.4634285714285713
1.4681818181818183
1.468361581920904
1.4713483146067416
1.478212290502793
1.4777777777777776
1.4790055248618783
1.4835164835164834
1.481967213114754
1.482608695652174
1.487027027027027
1.4908602150537633
1.494117647058824
1.4914893617021276
1.4957671957671956
1.4936842105263157
1.493717277486911
1.4927083333333333
1.4906735751295337
1.4886597938144328
1.4887179487179485
1.489795918367347
1.4913705583756345
1.4914141414141413
1.492964824120603
1.495
1.4999999999999998
1.5034653465346537
1.5054187192118225
1.5049019607843135
1.5068292682926827
1.5072815533980581
1.5082125603864731
1.5110576923076926
1.510047846889952
1.5095238095238095
1.5180094786729859
1.5202830188679244
1.5230046948356808
1.525233644859813
1.5288372093023257
1.5300925925925923
1.5317972350230415
1.531192660550459
1.532420091324201
1.5354545454545454
1.542081447963801
1.541891891891892
1.5412556053811657
1.5410714285714286
1.5426666666666666
1.5442477876106195
1.5471365638766519
1.550877192982456
1.554585152838428
1.56
1.5632034632034633
1.5659482758620689
1.5660944206008582
1.5675213675213677
1.5723404255319147
1.5750000000000002
1.5831223628691984
1.581512605042017
1.58326359832636
1.5858333333333332
1.5863070539419089
1.58801652892562
1.5847736625514401
1.587295081967213
1.5873469387755104
1.5865853658536584
1.5914979757085022
1.5911290322580645
1.5903614457831325
1.5888
1.5896414342629481
1.5892857142857142
1.5897233201581027
1.5874015748031494
1.5858823529411765
1.58671875
1.5891050583657589
1.5918604651162793
1.5934362934362931
1.595769230769231
1.5977011494252875
1.5977099236641221
1.5954372623574142
1.5950757575757575
1.5950943396226416
1.5958646616541352
1.594007490636704
1.5917910447761194
1.5918215613382902
1.594074074074074
1.5926199261992622
1.5948529411764707
1.5956043956043957
1.5937956204379562
1.5956363636363635
1.5963768115942032
1.5978339350180506
1.597841726618705
1.596057347670251
1.5978571428571429
1.5996441281138791
1.6053191489361702
1.6056537102473498
1.6059859154929577
1.6087719298245613
1.606993006993007
1.6076655052264808
1.6114583333333332
1.6089965397923875
1.6093103448275863
1.611340206185567
1.6123287671232878
1.6143344709897611
1.6119047619047617
1.6118644067796613
1.6111486486486488
1.6114478114478115
1.6127516778523492
1.612040133779264
1.613
1.611295681063123
1.6096026490066222
1.6099009900990098
1.6098684210526315
1.6091803278688523
1.6098039215686275
1.6110749185667756
1.60974025974026
1.6100323624595467
1.6080645161290323
1.6070739549839224
1.6067307692307693
1.6099041533546323
1.6105095541401273
1.6117460317460317
1.6158227848101265
1.6179810725552048
1.6182389937106918
1.620062695924765
1.6209375000000001
1.621183800623053
1.6204968944099378
1.6188854489164086
1.6209876543209876
1.6224615384615386
1.6223926380368099
1.6226299694189603
1.622560975609756
1.6258358662613979
1.6300000000000001
1.6299093655589125
1.6289156626506025
1.6306306306306304
1.6338323353293411
1.635223880597015
1.6351190476190474
1.6338278931750743
1.6375739644970415
1.6374631268436581
1.636470588235294
1.6378299120234605
1.6371345029239766
1.6355685131195337
1.634593023255814
1.6342028985507244
1.6349710982658958
1.6345821325648413
1.6362068965517242
1.635816618911175
1.636
1.6381766381766383
1.640625
1.6407932011331448
1.640960451977401
1.6411267605633804
1.639887640449438
1.6392156862745098
1.6396648044692739
1.6395543175487468
1.6413888888888888
1.643213296398892
1.6425414364640882
1.6426997245179067
1.6434065934065933
1.642739726027397
1.6434426229508197
1.6460490463215258
1.6459239130434782
1.6471544715447155
1.6516216216216215
1.6517520215633426
1.6516129032258067
1.6536193029490616
1.6553475935828879
1.6554666666666666
1.6545212765957449
1.6549071618037137
1.6542328042328045
1.6577836411609497
1.6600000000000001
1.6653543307086616
1.667801047120419
1.6694516971279374
1.6692708333333333
1.6724675324675324
1.672020725388601
1.6746770025839794
1.675
1.6740359897172237
1.6735897435897436
1.6736572890025574
1.675
1.675063613231552
1.6746192893401013
1.6769620253164557
1.6752525252525252
1.6763224181360203
1.6753768844221106
1.6751879699248122
1.6792500000000001
1.6812967581047382
1.6823383084577117
1.6833746898263027
1.684405940594059
1.683950617283951
1.6857142857142857
1.6859950859950863
1.6877450980392155
1.6872860635696825
1.688780487804878
1.6939172749391722
1.6951456310679613
1.6963680387409201
1.694927536231884
1.6949397590361446
1.694951923076923
1.7019184652278176
1.7031100478468901
1.7038186157517903
1.7042857142857142
1.7033254156769597
1.7030805687203792
1.704255319148936
1.7040094339622645
1.704705882352941
1.7070422535211265
1.7063231850117095
1.7065420560747664
1.705827505827506
1.7069767441860464
1.7095127610208816
1.712037037037037
1.714780600461894
1.7147465437788019
1.7133333333333334
1.711926605504587
1.7132723112128148
1.711415525114155
1.7123006833712986
1.713409090909091
1.7142857142857142
1.713574660633484
1.7133182844243795
1.7132882882882883
1.7134831460674156
1.71390134529148
1.716331096196868
1.7171875
1.7171492204899779
1.7155555555555555
1.7157427937915741
1.7157079646017699
1.714569536423841
1.7156387665198238
1.7162637362637363
1.7162280701754387
1.7179431072210065
1.7183406113537116
1.7191721132897606
1.7202173913043477
1.7227765726681128
1.7227272727272727
1.7226781857451408
1.723060344827586
1.7238709677419355
1.7227467811158796
1.7229122055674515
1.7239316239316238
1.7240938166311301
1.725531914893617
1.7295116772823778
1.7290254237288134
1.7300211416490487
1.7295358649789025
1.7303157894736843
1.7313025210084032
1.732285115303983
1.7343096234309623
1.7340292275574114
1.737083333333333
1.7365904365904368
1.7375518672199166
1.7409937888198754
1.7423553719008265
1.7432989690721648
1.7454732510288067
1.7470225872689937
1.7497950819672135
1.7515337423312882
1.751020408163265
1.75213849287169
1.7518292682926826
1.7551724137931035
1.7562753036437244
1.7571717171717172
1.7578629032258068
1.7617706237424546
1.7632530120481928
1.7641282565130258
1.7648000000000004
1.7664670658682635
1.7655378486055775
1.7652087475149103
1.7660714285714285
1.7683168316831683
1.7693675889328062
1.7684418145956606
1.7681102362204726
1.770333988212181
1.7698039215686272
1.7710371819960862
1.7712890625
1.77270955165692
1.7725680933852144
1.7728155339805831
1.7732558139534889
1.7752417794970985
1.7735521235521232
1.773217726396917
1.7753846153846156
1.7758157389635314
1.7770114942528732
1.7791586998087952
1.7805343511450382
1.7820952380952382
1.7811787072243344
1.7804554079696395
1.7801136363636363
1.781663516068053
1.7809433962264152
1.7809792843691148
1.7823308270676694
1.7829268292682925
1.7823970037453183
1.7826168224299064
1.7826492537313434
1.7834264432029798
1.7832713754646838
1.7820037105751392
1.782777777777778
1.7842883548983361
1.7833948339483392
1.7834254143646409
1.783639705882353
1.7866055045871558
1.786813186813187
1.7888482632541138
1.79014598540146
1.791985428051002
1.7916363636363637
1.7925589836660616
1.793659420289855
1.7949367088607595
1.796028880866426
1.7967567567567564
1.7978417266187048
1.800718132854578
1.8034050179211465
1.8042933810375668
1.8051785714285713
1.8071301247771838
1.807473309608541
1.810657193605684
1.8109929078014182
1.8122123893805309
1.8121908127208481
1.8125220458553795
1.814788732394366
1.8159929701230229
1.8163157894736845
1.8168126094570927
1.816958041958042
1.8198952879581156
1.821254355400697
1.8213913043478258
1.821875
1.8214904679376083
1.820415224913495
1.8217616580310882
1.823103448275862
1.823752151462995
1.823539518900344
1.823499142367067
1.8236301369863015
1.824273504273504
1.8247440273037543
1.8257240204429306
1.8258503401360549
1.8286926994906618
1.829491525423729
1.8306260575296105
1.8304054054054055
1.8310286677908933
1.8346801346801347
1.8389915966386554
1.8421140939597318
1.843718592964824
1.8438127090301006
1.845409015025042
1.8476666666666666
1.848585690515807
1.8516611295681067
1.8538971807628524
1.8549668874172187
1.8570247933884296
1.8566006600660068
1.8573311367380558
1.8588815789473685
1.8628899835796389
1.863606557377049
1.863502454991817
1.8637254901960787
1.8632952691680262
1.8636807817589578
1.8652032520325208
1.8673701298701295
1.8670988654781198
1.8674757281553405
1.8673667205169633
1.8677419354838711
1.8677938808373589
1.8672025723472665
1.8664526484751203
1.8703525641025642
1.8707199999999997
1.8707667731629392
1.8706539074960127
1.871178343949045
1.8717011128775838
1.8712698412698416
1.8722662440570523
1.8735759493670887
1.8740916271721961
1.874132492113565
1.8743307086614174
1.87562893081761
1.878021978021978
1.877742946708464
1.8790297339593116
1.8798437499999998
1.8819032761310452
1.8825545171339564
1.882270606531882
1.882919254658385
1.884186046511628
1.8852941176470588
1.88516228748068
1.885185185185185
1.8842835130970728
1.8843076923076922
1.884331797235023
1.8845092024539878
1.8852986217457885
1.8840978593272173
1.8851908396946566
1.8855182926829268
1.8856925418569255
1.8869300911854103
1.886949924127466
1.8869696969696967
1.8900151285930409
1.8903323262839877
1.8917043740573152
1.8923192771084338
1.8923308270676689
1.8950450450450447
1.8953523238380812
1.8968562874251496
1.898804185351271
1.8985074626865672
1.9013412816691502
1.9023809523809525
1.9034175334323922
1.903560830860534
1.903703703703704
1.9034023668639055
1.9051698670605615
1.9051622418879055
1.9055964653902797
1.9054411764705883
1.9060205580029368
1.9061583577712606
1.9062957540263548
1.906286549707603
1.9055474452554748
1.9048104956268221
1.9046579330422126
1.9058139534883718
1.9056603773584908
1.9059420289855074
1.9056439942112882
1.9054913294797688
1.9051948051948049
1.905187319884726
1.905611510791367
1.9054597701149425
1.9041606886657103
1.905730659025788
1.9072961373390558
1.907
1.9067047075606276
1.9075498575498577
1.9078236130867712
1.9080965909090906
1.9095035460992906
1.9116147308781866
1.9114568599717114
1.9114406779661013
1.9119887165021159
1.9126760563380283
1.9127988748241915
1.9130617977528093
1.9162692847124827
1.9173669467787113
1.9172027972027972
1.9195530726256986
1.920362622036262
1.9214484679665742
1.921279554937413
1.9220833333333336
1.9217753120665741
1.9217451523545706
1.9230982019363765
1.9233425414364642
1.9264827586206894
1.9275482093663912
1.9292984869325995
1.92967032967033
1.9312757201646094
1.9319178082191784
1.9326949384404926
1.933469945355191
1.9350613915416097
1.9356948228882835
1.936190476190476
1.9373641304347828
1.9378561736770687
1.9378048780487809
1.9388362652232747
1.9418918918918915
1.9435897435897433
1.9424528301886794
1.943876177658143
1.9471774193548388
1.9477852348993288
1.9486595174262735
1.9504685408299864
1.9517379679144384
1.9518024032042725
1.952133333333333
1.9520639147802927
1.9557180851063827
1.955644090305445
1.9549071618037135
1.9549668874172184
1.9559523809523807
1.9587846763540289
1.9596306068601586
1.9627140974967063
1.9639473684210524
1.964126149802891
1.9656167979002626
1.9673656618610749
1.968193717277487
1.968235294117647
1.9689295039164492
1.970534550195567
1.9725260416666668
1.9743823146944084
1.9742857142857144
1.9749675745784696
1.976554404145078
1.976972833117723
1.977519379844961
1.9775483870967736
1.9800257731958766
1.9814671814671811
1.9808483290488437
1.9820282413350447
1.9832051282051282
1.9842509603072984
1.9845268542199488
1.9849297573435503
1.9841836734693878
1.9856050955414009
1.9857506361323154
1.9861499364675985
1.9871827411167515
1.987579214195184
1.9881012658227846
1.9893805309734514
1.9883838383838381
1.9885245901639348
1.9880352644836272
1.988805031446541
1.9881909547738694
1.9877038895859473
1.9882205513784459
1.9893617021276593
1.9898749999999996
1.9892634207240945
1.9889027431421447
1.991033623910336
1.9926616915422883
1.99416149068323
1.9944168734491314
1.994919454770756
1.995420792079208
1.9954264524103835
1.9948148148148146
1.9967940813810112
1.9971674876847292
1.997047970479705
1.9974201474201476
1.9969325153374236
1.9980392156862745
1.9997552019583846
2.0012224938875303
2.001221001221001
2.0021951219512193
2.00353227771011
2.0054744525547448
2.0063183475091133
2.0061893203883496
2.006909090909091
2.0076271186440677
2.0072551390568316
2.0080917874396134
2.0095295536791316
2.009277108433735
2.0096269554753308
2.0122596153846155
2.014045618247299
2.0142685851318944
2.0161676646706588
2.0167464114832536
2.0164874551971326
2.0175417661097854
2.018116805721097
2.018095238095238
2.018430439952438
2.0193586698337294
2.021233689205219
2.0223933649289103
2.0236686390532546
2.0250591016548465
2.0271546635183
2.028066037735849
2.029917550058893
2.0296470588235294
2.030317273795535
2.032511737089202
2.033411488862837
2.035480093676815
2.0350877192982457
2.0356308411214954
2.0371061843640605
2.037529137529137
2.038882421420256
2.0391860465116274
2.039953542392567
2.0425754060324826
2.0425260718424103
2.0449074074074076
2.0452023121387284
2.0450346420323324
2.0450980392156866
2.04573732718894
2.046605293440736
2.0470114942528737
2.0478760045924225
2.0488532110091744
2.0510882016036653
2.05091533180778
2.051428571428571
2.0525114155251143
2.0561003420752564
2.056378132118451
2.0563139931740615
2.0557954545454544
2.05527809307605
2.0566893424036286
2.058437146092865
2.059841628959276
2.0606779661016947
2.0627539503386005
2.0625704622322436
2.0640765765765767
2.06355455568054
2.06438202247191
2.0656565656565653
2.0665919282511207
2.0685330347144455
2.068232662192394
2.06927374301676
2.0708705357142856
2.0720178372352285
2.0711581291759464
2.071523915461624
2.0735555555555556
2.075138734739179
2.0753880266075386
2.0751937984496127
2.0761061946902655
2.0760220994475134
2.076048565121413
2.07651598676957
2.076762114537445
2.0796479647964796
2.0794505494505495
2.0795828759604835
2.0805921052631575
2.0814895947426066
2.0829321663019695
2.0848087431693987
2.086135371179039
2.0866957470010905
2.0869281045751635
2.087268770402612
2.0885869565217394
2.0902280130293156
2.091648590021692
2.092957746478873
2.0938311688311684
2.0954594594594598
2.09719222462203
2.0970873786407767
2.099892241379311
2.101184068891281
2.103548387096774
2.1061224489795918
2.1071888412017166
2.108252947481243
2.1111349036402567
2.112192513368984
2.111965811965812
2.1165421558164352
2.1165245202558634
2.1165069222577206
2.117446808510638
2.1204038257173217
2.121868365180467
2.121845174973489
2.121927966101695
2.1222222222222222
2.123784355179704
2.1238648363252377
2.1239451476793247
2.124236037934668
2.1249473684210525
2.125762355415352
2.1262605042016807
2.1256033578174187
2.1247379454926625
2.1259685863874345
2.126359832635983
2.1262277951933126
2.126304801670146
2.126277372262774
2.126458333333333
2.1264308012486994
2.126611226611227
2.1273104880581513
2.1278008298755187
2.1304663212435235
2.131262939958592
2.1323681489141673
2.1344008264462806
2.1345717234262125
2.1344329896907217
2.135015447991761
2.1351851851851853
2.135149023638232
2.135318275154004
2.1351794871794874
2.1367827868852456
2.1376663254861823
2.1385480572597135
2.1388151174668026
2.1405102040816324
2.140672782874618
2.141140529531568
2.1424211597151577
2.1431910569105694
2.1435532994923863
2.1459432048681544
2.1463019250253295
2.146457489878542
2.1465116279069765
2.146666666666667
2.1473259334006056
2.1487903225806453
2.1507552870090634
2.152213279678068
2.15356783919598
2.155220883534137
2.156268806419258
2.157314629258517
2.1590590590590595
2.1604
2.160839160839161
2.162375249500998
2.1625124626121637
2.163844621513944
2.1651741293532334
2.1655069582504973
2.1665342601787487
2.1667658730158728
2.1669970267591676
2.165445544554456
2.165776458951533
2.165711462450593
2.1650542941757154
2.1659763313609464
2.167192118226601
2.166830708661417
2.1667649950835792
2.167288801571709
2.167713444553484
2.1681372549019606
2.168364348677767
2.168493150684932
2.168523949169111
2.16865234375
2.1681951219512197
2.1681286549707597
2.1676728334956183
2.1686770428015563
2.1691933916423713
2.1710679611650487
2.171290009699321
2.171608527131783
2.1722168441432723
2.1724371373307543
2.171497584541063
2.172393822393823
2.1730954676952745
2.1730250481695568
2.174109720885467
2.175096153846154
2.1762728146013446
2.176871401151632
2.1784276126558004
2.17816091954023
2.1793301435406702
2.179349904397706
2.1801337153772686
2.1811068702290077
2.18093422306959
2.1815238095238096
2.181446241674595
2.1817490494296576
2.181671415004749
2.181404174573055
2.1828436018957347
2.183901515151515
2.183822138126774
2.1847826086956523
2.1857412653446646
2.186509433962264
2.187747408105561
2.189171374764595
2.189087488240828
2.189003759398496
2.189201877934272
2.1889305816135085
2.1910965323336455
2.1915730337078654
2.191955098222638
2.1916822429906544
2.194864612511671
2.1968283582089554
2.1976700838769805
2.199255121042831
2.200372093023256
2.2013011152416357
2.2019498607242345
2.2014842300556583
2.2037998146431876
2.20537037037037
2.207585568917669
2.206931608133087
2.2060941828254848
2.2070110701107013
2.2079262672811057
2.2085635359116025
2.2102115915363383
2.211121323529412
2.2112947658402207
2.213211009174312
2.2134738771769022
2.2139194139194136
2.214547118023788
2.2148994515539306
2.215707762557078
2.216240875912409
2.2169553327256155
2.217304189435337
2.2182893539581436
2.2185454545454544
2.2203451407811086
2.222141560798548
2.223390752493201
2.22518115942029
2.2269683257918547
2.2269439421338157
2.2270099367660348
2.227346570397112
2.2273219116321004
2.2279279279279276
2.2277227722772275
2.228057553956835
2.228661275831087
2.2284560143626573
2.228071748878924
2.2282258064516127
2.2282005371530884
2.2288014311270126
2.2294012511170687
2.2304464285714287
2.2307760927743083
2.231283422459893
2.2332146037399823
2.234252669039146
2.2354666666666665
2.2373889875666078
2.237799467613132
2.240070921985816
2.2403011514614706
2.2405309734513272
2.2405835543766583
2.2414310954063605
2.242541924095322
2.2429453262786594
2.243964757709251
2.2448063380281686
2.245646437994723
2.2471880492091385
2.246707638279193
2.247894736842105
2.248904469763365
2.25
2.2513560804899386
2.251660839160839
2.252489082969432
2.252094240837696
2.252397558849172
2.253484320557491
2.25526544821584
2.255391304347826
2.2567332754126843
2.258506944444444
2.2613183000867307
2.26213171577123
2.2632900432900436
2.263581314878892
2.2656871218668977
2.266493955094991
2.265918895599655
2.266810344827586
2.2684754521963826
2.2688468158347677
2.269561478933792
2.271048109965636
2.2721030042918455
2.2712692967409946
2.2704370179948588
2.2710616438356164
2.271941830624465
2.273418803418804
2.2736976942783946
2.2737201365187714
2.2735720375106565
2.273935264054515
2.2746382978723405
2.2749149659863948
2.2768054375531013
2.278522920203735
2.2787107718405424
2.2782203389830507
2.2789161727349705
2.2794416243654823
2.2800507185122565
2.280067567567568
2.2812658227848095
2.2811973018549745
2.282476832350463
2.2824915824915823
2.284188393608074
2.284201680672269
2.285978169605374
2.2874161073825503
2.2865046102263205
2.285762144053601
2.2855230125523014
2.28561872909699
2.2851294903926487
2.2842237061769617
2.283819849874896
2.2840000000000003
2.2850957535387177
2.286023294509151
2.2857855361596013
2.286212624584718
2.287053941908714
2.2875621890547264
2.288069594034797
2.289072847682119
2.2894127377998346
2.290578512396694
2.2904211395540877
2.2923267326732675
2.2921681780708987
2.293492586490939
2.2933333333333334
2.2953947368421055
2.2960558751027116
2.2963054187192116
2.2977850697292865
2.299098360655738
2.300982800982801
2.30139116202946
2.302861815208504
2.3048202614379085
2.305224489795918
2.307340946166395
2.308312958435208
2.3091205211726384
2.31033360455655
2.3117886178861786
2.313972380178716
2.3139610389610388
2.3146796431467966
2.3155591572123173
2.3165991902834007
2.316504854368932
2.31802748585287
2.319224555735057
2.3196125907990317
2.321290322580645
2.3226430298146656
2.3231884057971013
2.322445695897023
2.322347266881029
2.324096385542169
2.3257624398073835
2.326222935044106
2.327403846153846
2.3273819055244194
2.3285600000000004
2.329176658673062
2.3299520766773165
2.3305666400638465
2.331180223285487
2.3325099601593626
2.333200636942675
2.334208432776452
2.3344992050874405
2.3352660841938047
2.3355555555555556
2.3358445678033304
2.335657686212361
2.3363420427553447
2.3363924050632914
2.3386561264822134
2.340600315955766
2.340568271507498
2.341482649842271
2.343026004728132
2.342992125984252
2.3439024390243905
2.346305031446541
2.348389630793401
2.3500000000000005
2.3501960784313725
2.3500783699059555
2.3506656225528584
2.351173708920187
2.3512900703674746
2.3517187500000003
2.3521467603434822
2.351560062402496
2.3526890101325018
2.353738317757009
2.3538521400778207
2.353343701399689
2.354390054390054
2.3548913043478263
2.355236617532971
2.356124031007752
2.3570100697134007
2.356811145510836
2.3573085846867747
2.359041731066461
2.3593822393822395
2.3609567901234567
2.3610639938319196
2.360862865947612
2.361431870669746
2.3623846153846157
2.3637202152190624
2.364439324116743
2.3639293937068304
2.3637269938650305
2.364674329501916
2.364931087289434
2.365263963274675
2.365749235474006
2.365928189457601
2.3664122137404577
2.367810831426392
2.3685213414634143
2.3698400609291697
2.371004566210046
2.370950570342205
2.3710486322188453
2.3725132877752464
2.372458270106222
2.37270659590599
2.373030303030303
2.3741105223315673
2.374432677760969
2.374452003023431
2.3746978851963743
2.3750188679245285
2.375867269984917
2.3772418990203463
2.377710843373494
2.3790820165538
2.3802255639097747
2.380390683696469
2.3802552552552556
2.3813203300825205
2.3805097451274366
2.3811985018726594
2.381062874251497
2.380852655198205
2.38101644245142
2.381105302464526
2.3808208955223877
2.381357196122297
2.3814456035767515
2.382278481012658
2.3829613095238096
2.382602230483271
2.3828380386329866
2.3838158871566444
2.383827893175074
2.384136397331356
2.384
2.384529977794227
2.3842455621301775
2.3845528455284555
2.3846381093057607
2.3837638376383765
2.384439528023599
2.384377302873987
2.3852724594992636
2.386239882266372
2.3874264705882355
2.3878765613519475
2.387518355359765
2.3881144534115917
2.3893695014662755
2.38967032967033
2.3904099560761347
2.3907827359180684
2.39093567251462
2.390796201607013
2.3923357664233578
2.3929248723559446
2.3926384839650146
2.393372177713037
2.3949053857350804
2.3952
2.395566860465116
2.396732026143791
2.397169811320755
2.3978970268310373
2.3997101449275364
2.4000724112961622
2.399421128798842
2.399349240780911
2.39985549132948
2.4013718411552345
2.401298701298701
2.401802451333814
2.401512968299712
2.402159827213823
2.402517985611511
2.4045291157440696
2.404956896551724
2.407178750897344
2.406456241032999
2.407383512544803
2.4073782234957024
2.408518253400143
2.4082975679542207
2.4092923516797713
2.4099285714285714
2.4109207708779445
2.411483594864479
2.4131147540983604
2.4136039886039886
2.4155871886120996
2.415647226173542
2.4156361051883435
2.415909090909091
2.4165365507452092
2.417943262411348
2.4180014174344437
2.418201133144476
2.4201698513800425
2.421074964639321
2.420636042402827
2.421610169491525
2.4217360621030344
2.422073342736248
2.4224101479915436
2.423028169014084
2.4240675580577054
2.4246132208157527
2.425087842586086
2.426966292134831
2.4280701754385965
2.428962131837307
2.4291520672740012
2.428781512605042
2.4301609517144853
2.4303496503496502
2.4319357092941996
2.431983240223464
2.433705512909979
2.434379358437936
2.4353310104529617
2.4360027855153197
2.436743215031315
2.4376216968011124
2.437804030576789
2.438333333333333
2.440180430256766
2.442371705963939
2.442480942480942
2.4433518005540167
2.4444982698961937
2.4455739972337485
2.445473393227367
2.4456491712707185
2.446928916494134
2.447241379310345
2.449414197105445
2.449517906336088
2.4510667584308328
2.451444291609353
2.4517525773195876
2.453021978021978
2.454152367879204
2.4541838134430725
2.4547635366689518
2.4545205479452057
2.456536618754278
2.4569767441860466
2.457006151742994
2.4579918032786887
2.4577474402730375
2.4577080491132333
2.458418541240627
2.4589237057220714
2.4607896528250515
2.460884353741497
2.4622025832766825
2.4640625
2.4643584521384923
2.4651289009497965
2.4661016949152548
2.466869918699187
2.4687880839539607
2.4688092016238157
2.4697768762677486
2.4705405405405405
2.4715732613099255
2.4720647773279354
2.4732299393122052
2.4735175202156334
2.4751515151515155
2.4779946164199194
2.478345662407532
2.4782258064516127
2.4789120214909337
2.479261744966443
2.4796780684104625
2.47955764075067
2.479906229068989
2.480053547523427
2.4814715719063543
2.4810160427807486
2.482030728122912
2.482510013351135
2.4827218145430288
2.4828666666666663
2.4836109260493004
2.4844873501997338
2.4842315369261474
2.4845079787234043
2.4846511627906978
2.484262948207171
2.484870603848706
2.486007957559682
2.4864811133200795
2.4863576158940397
2.486300463269358
2.4878968253968257
2.4884335756774623
2.4885733157199477
2.489042904290429
2.4897757255936677
2.490573500329598
2.490579710144927
2.4909809084924293
2.49125
2.4917817225509538
2.493166885676741
2.49317137229153
2.4940944881889764
2.4940983606557374
2.4942988204456094
2.4948919449901767
2.4956806282722512
2.4969260954872468
2.4976470588235293
2.4986283474853037
2.4992167101827674
2.500391389432485
2.50013037809648
2.5004560260586315
2.5018880208333334
2.5024072869225766
2.502340702210663
2.5030539311241067
2.502727272727273
2.5025957170668396
2.502464332036317
2.5025275437459493
2.502590673575129
2.5025242718446608
2.502587322121604
2.5036845507433743
2.503359173126615
2.504325371207231
2.504774193548387
2.5050290135396525
2.50451030927835
2.5052157115260787
2.505984555984556
2.5081028938906758
2.508740359897172
2.5091843288375077
2.5107830551989725
2.511481719050673
2.5116025641025645
2.511467008327995
2.5115877080665814
2.5126039667306466
2.5125959079283886
2.512140575079872
2.5116219667943804
2.5123803446075303
2.513647959183673
2.5137667304015294
2.5138853503184717
2.5144493952896245
2.5155216284987274
2.515893197711379
2.515946632782719
2.5172063492063494
2.5184644670050758
2.519086873811034
2.520532319391635
2.520075997466751
2.519493670886076
2.520177103099304
2.521365360303413
2.522109917877448
2.522411616161617
2.5223343848580444
2.5226355611601514
2.523125393824827
2.522984886649874
2.5233480176211454
2.5241509433962266
2.524764299182904
2.525690954773869
2.5266792215944758
2.527478042659975
2.5292789968652034
2.529573934837093
2.5298685034439576
2.5296620775969965
2.5301438398999374
2.5298125
2.5299188007495315
2.530337078651686
2.5300686213349968
2.529925187032419
2.5309034267912773
2.5316313823163137
2.532171748599876
2.5329601990049753
2.535052827843381
2.5349068322981365
2.5353196772191184
2.535856079404467
2.5360198388096715
2.535935563816605
2.5359752321981426
2.536262376237624
2.5363017934446503
2.5368355995055625
2.536936380481779
2.5374691358024686
2.53775447254781
2.53865598027127
2.539494762784966
2.539593596059113
2.5393846153846154
2.540651906519065
2.5405654578979715
2.5409090909090906
2.5409453652547573
2.5409815950920245
2.5408951563458
2.5414215686274515
2.541273729332517
2.541126070991432
2.541529051987768
2.5411980440097803
2.541050702504582
2.5413919413919412
2.5413056741915807
2.5412195121951213
2.541316270566728
2.5411084043848966
2.5414485696895923
2.5413625304136254
2.5413981762917937
2.5424665856622117
2.5436551305403765
2.544296116504854
2.545057610673135
2.5455757575757576
2.5457298606904906
2.54588377723971
2.546339987900786
2.5472793228536883
2.5472507552870085
2.5481884057971014
2.548280024140012
2.5494571773220747
2.549367088607595
2.5500000000000003
2.5509933774834432
2.551744885679904
2.5524954900781722
2.552704326923077
2.553813813813814
2.554321728691477
2.5546490701859628
2.5551558752997603
2.555122828040743
2.5553293413173654
2.5560143626570917
2.5574162679425836
2.557501494321578
2.557825567502987
2.5579701492537312
2.557816229116945
2.5577221228384017
2.5578665077473186
2.557534246575343
2.5570833333333334
2.558001189767995
2.558442330558859
2.5585264408793824
2.5586698337292164
2.5594658753709196
2.560379596678529
2.5602252519264965
2.5601303317535544
2.5608644168146832
2.5610650887573962
2.5615020697811945
2.5618794326241137
2.562847017129356
2.564403778040142
2.5643657817109142
2.5647995283018865
2.5662934590453745
2.567020023557126
2.56656856974691
2.566882352941176
2.5668430335097
2.567685076380729
2.5674691720493255
2.567253521126761
2.5687390029325514
2.5692262602579135
2.5697715289982423
2.570081967213115
2.5710942071386773
2.571461988304094
2.571946230274693
2.5727219626168223
2.572796263864565
2.57362893815636
2.5742274052478136
2.574475524475525
2.575596971461852
2.5760186263096623
2.5769633507853404
2.577267441860465
2.577396862289367
2.5772938443670155
2.5774811375507833
2.577668213457077
2.5787826086956525
2.5789687137891075
2.578517660683266
2.579166666666667
2.57941006362059
2.57971098265896
2.580878105141536
2.581639722863741
2.583092902481247
2.5833333333333335
2.5831123919308356
2.583928571428571
2.5860103626943007
2.5859608745684692
2.5863714778608395
2.5866666666666664
2.586846639862148
2.587083811710677
2.5876075731497417
2.588646788990826
2.5892836676217765
2.589862542955326
2.5898111047510017
2.58987414187643
2.5911377930245854
2.591885714285714
2.592575671045117
2.592694063926941
2.5937250427837997
2.5936716077537056
2.5944159544159544
2.595330296127563
2.596072851451338
2.596245733788396
2.5969869243888573
2.5972159090909086
2.598182850653038
2.5987514188422245
2.598355076574021
2.598412698412698
2.598866855524079
2.598697621744054
2.5986983588002266
2.5993212669683254
2.6007914075749015
2.6014689265536726
2.602202145680407
2.602483069977427
2.602594472645234
2.6031567080045095
2.6031549295774647
2.603716216216216
2.604108047270681
2.603937007874016
2.6041596402473304
2.603988764044944
2.6043795620437953
2.6053872053872054
2.607066741447
2.6080717488789236
2.6095798319327725
2.610190369540873
2.6106883044208167
2.6112416107382552
2.61151481274455
2.612849162011173
2.6136236739251815
2.6141741071428575
2.614221974344674
2.6148829431438125
2.6147075208913653
2.6152004454342985
2.6151363383416806
2.614627363737486
2.615230683713174
2.6153333333333335
2.6158800666296504
2.6166481687014427
2.617470881863561
2.6181263858093127
2.619224376731302
2.6197120708748614
2.620475926950747
2.6201327433628316
2.6215588723051413
2.6222651933701657
2.622252898950856
2.6226269315673294
2.6228350799779374
2.6232083792723264
2.624683195592286
2.6256607929515416
2.6261419922949916
2.6275027502750277
2.628532160527762
2.629835164835165
2.629708951125755
2.6300219538968164
2.6301151947339547
2.631030701754386
2.6317808219178085
2.6318729463307777
2.632731253420908
2.633424507658643
2.6346637506834334
2.634972677595628
2.636428181321682
2.63646288209607
2.6360065466448446
2.636913849509269
2.63732970027248
2.6379084967320257
2.6394665215024498
2.640533188248096
2.640511147362697
2.6415217391304346
2.641825095057034
2.6429424538545057
2.644329896907216
2.645281995661605
2.647479674796748
2.647670639219935
2.648456957227937
2.648971861471862
2.649972958355868
2.6503783783783783
2.650621285791464
2.6507019438444925
2.65045871559633
2.6509169363538296
2.6508894878706197
2.6508620689655173
2.6511577813677976
2.651237890204521
2.651640667025282
2.6520967741935486
2.6529285330467487
2.6531149301825994
2.6532474503489
2.6533798283261802
2.6540482573726543
2.6546087888531615
2.6547402249598284
2.654603854389722
2.6550026752273945
2.655508021390374
2.655264564404062
2.6560897435897433
2.656540309663641
2.6576840981856993
2.657866666666667
2.6583688699360346
2.6583910495471494
2.6584132055378062
2.658009579563598
2.6584042553191494
2.6594364699627855
2.6596174282678002
2.659426447158789
2.660244161358811
2.6611140583554382
2.6616648992576883
2.6615792262851086
2.661917372881356
2.662361037586024
2.662804232804233
2.6632469592808037
2.6641120507399574
2.664659270998415
2.6662618796198525
2.6666490765171504
2.6668248945147672
2.6679493937796517
2.6685458377239195
2.668457082675092
2.668578947368421
2.6691741188847975
2.6702418506834915
2.6709406200735684
2.672899159663866
2.6741732283464565
2.6746065057712487
2.6746722600943893
2.6751572327044024
2.6763750654793084
2.6776439790575917
2.679173207744636
2.679811715481171
2.682017773131207
2.6827063740856842
2.683707571801567
2.6838726513569937
2.6847678664580075
2.685349322210636
2.6854090672225115
2.68546875
2.6864133263925036
2.6863683662851194
2.686739469578783
2.688201663201663
2.6890389610389613
2.6887850467289724
2.689257913855734
2.6897821576763485
2.6894245723172627
2.689481865284974
2.689694458829622
2.689648033126294
2.690222452146922
2.690382626680455
2.690594315245478
2.6911157024793395
2.6911719153329896
2.691124871001032
2.6912841670964416
2.6910309278350515
2.6912931478619266
2.6919670442842434
2.6920226453937213
2.6917695473251033
2.6914138817480717
2.6922918807810894
2.692449922958397
2.692915811088296
2.6931759876859926
2.6934358974358976
2.693593029215787
2.69405737704918
2.6942140296979007
2.6953428863868982
2.69539641943734
2.695807770961145
2.69591211037302
2.6958120531154237
2.696324655436447
2.697295918367347
2.6977562468128506
2.6977064220183484
2.6982679572083548
2.69837067209776
2.699541984732824
2.6992370295015258
2.699135739705135
2.6992886178861792
2.699390553580497
2.6995431472081224
2.699797057331304
2.699594320486816
2.6996452103395843
2.699392097264438
2.6996962025316456
2.7008097165991902
2.7020738492665655
2.7020728008088986
2.7023749368367866
2.702121212121212
2.702120141342756
2.702068617558022
2.702168431669188
2.702217741935484
2.702418136020151
2.7026686807653575
2.7031202818319073
2.7032696177062374
2.7034690799396683
2.704572864321608
2.7054746358613757
2.7058232931726907
2.7060210737581536
2.705667001003009
2.705263157894737
2.7053607214428856
2.7059088632949426
2.7064064064064057
2.7062031015507757
2.7066000000000003
