0.2
1.25
1.1
1.275
1.42
1.3
1.3428571428571427
1.35
1.3222222222222224
1.2600000000000002
1.2545454545454544
1.2750000000000001
1.2615384615384617
1.292857142857143
1.2866666666666666
1.30625
1.3
1.2777777777777777
1.2894736842105263
1.2950000000000002
1.3095238095238098
1.3136363636363637
1.3304347826086955
1.3124999999999998
1.308
1.2961538461538464
1.2962962962962963
1.3178571428571428
1.3310344827586207
1.31
1.3064516129032258
1.3
1.309090909090909
1.3176470588235294
1.3457142857142856
1.35
1.3594594594594593
1.3789473684210527
1.3717948717948718
1.3725
1.3756097560975609
1.3666666666666667
1.3674418604651164
1.3681818181818182
1.3733333333333335
1.3760869565217393
1.365957446808511
1.3666666666666667
1.3734693877551023
1.372
1.3666666666666667
1.3673076923076923
1.3660377358490567
1.3592592592592594
1.3527272727272728
1.355357142857143
1.3561403508771928
1.3465517241379312
1.3508474576271188
1.3566666666666667
1.3573770491803276
1.3516129032258066
1.3507936507936509
1.3515625
1.3553846153846156
1.3515151515151516
1.3492537313432837
1.3558823529411765
1.3492753623188407
1.3471428571428574
1.3450704225352115
1.3430555555555554
1.3438356164383563
1.3378378378378377
1.3359999999999999
1.3394736842105264
1.342857142857143
1.3410256410256411
1.339240506329114
1.3387499999999999
1.339506172839506
1.3329268292682925
1.3313253012048194
1.3357142857142859
1.3352941176470587
1.3313953488372092
1.3287356321839079
1.3375
1.3359550561797753
1.3322222222222224
1.331868131868132
1.333695652173913
1.3333333333333333
1.3361702127659576
1.3378947368421052
1.3385416666666667
1.3402061855670104
1.3397959183673467
1.3464646464646466
1.3569999999999998
1.3554455445544555
1.353921568627451
1.3582524271844658
1.3634615384615383
1.3714285714285714
1.3745283018867924
1.3775700934579438
1.3833333333333333
1.3844036697247706
1.3854545454545457
1.390990990990991
1.3919642857142855
1.3893805309734513
1.3850877192982458
1.3886956521739129
1.3974137931034485
1.3982905982905982
1.4
1.4008403361344537
1.4000000000000001
1.4008264462809916
1.3983606557377048
1.3975609756097558
1.4096774193548387
1.416
1.4174603174603173
1.4173228346456692
1.421875
1.4224806201550388
1.4184615384615387
1.418320610687023
1.4212121212121211
1.4263157894736844
1.4246268656716419
1.4296296296296298
1.4338235294117647
1.4386861313868613
1.434782608695652
1.4402877697841727
1.4457142857142857
1.4496453900709219
1.4478873239436618
1.4475524475524475
1.4513888888888888
1.453793103448276
1.4554794520547945
1.453061224489796
1.4533783783783785
1.453691275167785
1.4500000000000002
1.4529801324503313
1.454605263157895
1.4529411764705884
1.4512987012987015
1.458064516129032
1.4596153846153845
1.464968152866242
1.468987341772152
1.4698113207547172
1.471875
1.4732919254658383
1.471604938271605
1.4773006134969326
1.480487804878049
1.4854545454545454
1.4813253012048195
1.4802395209580839
1.4797619047619048
1.4875739644970412
1.4911764705882353
1.4912280701754386
1.490697674418605
1.4895953757225433
1.4862068965517239
1.4845714285714287
1.4897727272727272
1.4887005649717513
1.4853932584269662
1.4837988826815642
1.4866666666666668
1.492817679558011
1.4912087912087912
1.4967213114754099
1.4978260869565216
1.4994594594594592
1.496236559139785
1.495187165775401
1.4946808510638294
1.4952380952380955
1.4921052631578946
1.4926701570680627
1.4947916666666667
1.495854922279793
1.4938144329896907
1.4938461538461536
1.4948979591836737
1.4939086294416244
1.491919191919192
1.491959798994975
1.4929999999999999
1.4920398009950246
1.491089108910891
1.4911330049261085
1.4941176470588236
1.4985365853658537
1.496116504854369
1.4980676328502416
1.5009615384615387
1.5038277511961722
1.5038095238095237
1.505687203791469
1.5075471698113208
1.5093896713615023
1.5070093457943927
1.510232558139535
1.5148148148148146
1.515668202764977
1.515137614678899
1.5168949771689495
1.517272727272727
1.5153846153846156
1.5135135135135136
1.5134529147982063
1.5151785714285715
1.514222222222222
1.5150442477876105
1.5154185022026432
1.5166666666666668
1.5157205240174674
1.5165217391304349
1.5173160173160172
1.5189655172413794
1.5214592274678111
1.518803418803419
1.5217021276595744
1.5258474576271186
1.5240506329113923
1.5302521008403362
1.5292887029288704
1.52875
1.529045643153527
1.5297520661157027
1.530864197530864
1.5344262295081967
1.5367346938775512
1.53739837398374
1.5364372469635625
1.5375
1.5369477911646583
1.5364000000000002
1.5374501992031873
1.5373015873015874
1.5375494071146245
1.536220472440945
1.5368627450980392
1.53671875
1.5354085603112841
1.5375968992248064
1.5378378378378377
1.538846153846154
1.5375478927203066
1.535114503816794
1.5361216730038023
1.5363636363636366
1.5369811320754716
1.5379699248120304
1.5363295880149814
1.5361940298507464
1.5360594795539035
1.5351851851851854
1.5361623616236162
1.5371323529411764
1.5395604395604399
1.5386861313868614
1.5392727272727273
1.5402173913043478
1.5400722021660649
1.5388489208633094
1.5401433691756272
1.5432142857142856
1.5441281138790037
1.5425531914893618
1.5434628975265021
1.5475352112676057
1.5550877192982457
1.5601398601398602
1.5609756097560976
1.5607638888888888
1.561937716262976
1.5631034482758621
1.5628865979381446
1.5626712328767125
1.5621160409556312
1.5612244897959187
1.5661016949152542
1.5692567567567568
1.5717171717171718
1.570805369127517
1.57123745819398
1.5706666666666667
1.5737541528239203
1.5721854304635763
1.5726072607260724
1.5743421052631579
1.5731147540983605
1.5732026143790852
1.5732899022801303
1.5766233766233766
1.5799352750809064
1.579032258064516
1.5826366559485532
1.5862179487179486
1.5862619808306708
1.585987261146497
1.5876190476190477
1.586392405063291
1.585173501577287
1.5855345911949688
1.5855799373040753
1.5865624999999999
1.587538940809969
1.5863354037267081
1.586377708978328
1.5876543209876541
1.5895384615384616
1.5871165644171776
1.5880733944954126
1.5890243902439025
1.591793313069909
1.5915151515151515
1.5924471299093654
1.594277108433735
1.5945945945945947
1.5961077844311378
1.597910447761194
1.5999999999999999
1.6020771513353114
1.602958579881657
1.6017699115044248
1.6017647058823528
1.6020527859237537
1.6014619883040937
1.6034985422740526
1.604360465116279
1.608985507246377
1.6156069364161851
1.6170028818443805
1.6204022988505744
1.620343839541547
1.6214285714285714
1.6219373219373217
1.6230113636363637
1.6237960339943343
1.6237288135593217
1.623380281690141
1.6261235955056184
1.6263305322128851
1.6293296089385474
1.6295264623955432
1.6327777777777779
1.6362880886426594
1.63646408839779
1.6388429752066116
1.6395604395604395
1.640821917808219
1.6396174863387976
1.639509536784741
1.6399456521739129
1.643089430894309
1.6454054054054055
1.6479784366576815
1.6473118279569892
1.647721179624665
1.6483957219251337
1.6477333333333335
1.6473404255319146
1.645888594164456
1.6436507936507936
1.6448548812664907
1.6442105263157896
1.6440944881889767
1.6445026178010473
1.643603133159269
1.6466145833333332
1.6467532467532469
1.6468911917098445
1.6483204134366924
1.6492268041237117
1.6501285347043702
1.64948717948718
1.6503836317135547
1.6512755102040817
1.6524173027989826
1.6525380710659896
1.6559493670886076
1.6583333333333332
1.658186397984887
1.6610552763819093
1.662155388471178
1.6645000000000003
1.6643391521197006
1.6634328358208954
1.6630272952853598
1.6655940594059406
1.6701234567901235
1.6738916256157634
1.6749385749385752
1.6774509803921567
1.6784841075794623
1.679512195121951
1.6795620437956207
1.6803398058252426
1.6811138014527844
1.6804347826086956
1.6824096385542169
1.6838942307692306
1.6829736211031174
1.6837320574162677
1.6823389021479713
1.6842857142857142
1.6866983372921616
1.6888625592417061
1.6879432624113473
1.6905660377358491
1.6941176470588235
1.6948356807511735
1.6948477751756443
1.6950934579439252
1.6958041958041956
1.6969767441860462
1.697679814385151
1.6983796296296299
1.6983833718244803
1.6976958525345622
1.6981609195402299
1.703211009174312
1.703203661327231
1.7061643835616436
1.7059225512528475
1.706590909090909
1.7108843537414966
1.7144796380090497
1.7173814898419864
1.7171171171171171
1.7168539325842698
1.7163677130044843
1.7185682326621923
1.7183035714285713
1.722271714922049
1.7211111111111113
1.7199556541019956
1.7232300884955751
1.7233995584988964
1.7266519823788546
1.728131868131868
1.732017543859649
1.7367614879649889
1.7384279475982531
1.738779956427015
1.741304347826087
1.744251626898048
1.7465367965367968
1.7485961123110152
1.7491379310344826
1.7509677419354837
1.7570815450643777
1.7580299785867237
1.7613247863247863
1.7633262260127935
1.7636170212765958
1.7643312101910826
1.7663135593220338
1.766807610993657
1.7675105485232065
1.7690526315789477
1.7710084033613445
1.7769392033542974
1.777405857740586
1.780375782881002
1.78375
1.7854469854469854
1.7842323651452283
1.7853002070393373
1.7861570247933887
1.787628865979381
1.787037037037037
1.7864476386036963
1.786270491803279
1.7887525562372186
1.7893877551020405
1.7892057026476575
1.7904471544715448
1.789858012170385
1.7923076923076924
1.795555555555556
1.7965725806451616
1.7987927565392354
1.7993975903614459
1.798797595190381
1.8006
1.802195608782435
1.801593625498008
1.8021868787276343
1.803769841269841
1.8045544554455446
1.8041501976284582
1.8045364891518738
1.8061023622047245
1.806483300589391
1.8062745098039215
1.8074363992172209
1.807421875
1.809356725146199
1.8089494163424127
1.8100970873786408
1.8108527131782945
1.8114119922630558
1.8123552123552122
1.8121387283236996
1.8119230769230767
1.8153550863723609
1.8180076628352488
1.8173996175908222
1.8173664122137403
1.8199999999999998
1.820342205323194
1.8206831119544593
1.8248106060606062
1.8272211720226843
1.8284905660377362
1.8288135593220343
1.8298872180451125
1.828705440900563
1.829962546816479
1.8317757009345796
1.832089552238806
1.8318435754189946
1.8315985130111525
1.836178107606679
1.8366666666666667
1.8373382624768948
1.8369003690036902
1.8379373848987108
1.8397058823529413
1.840550458715596
1.8406593406593406
1.8411334552102379
1.8421532846715327
1.8460837887067396
1.8485454545454545
1.8500907441016334
1.851268115942029
1.8518987341772148
1.8528880866425994
1.8531531531531535
1.8552158273381292
1.8561938958707358
1.8566308243727598
1.8565295169946332
1.8578571428571429
1.8611408199643495
1.86067615658363
1.8632326820603908
1.8666666666666665
1.8688495575221236
1.8708480565371022
1.8710758377425047
1.8748239436619716
1.8768014059753952
1.8780701754385967
1.8767075306479861
1.877972027972028
1.8792321116928448
1.8817073170731706
1.8826086956521741
1.8821180555555557
1.8842287694974005
1.8847750865051904
1.8841105354058723
1.8865517241379308
1.8869191049913945
1.886769759450172
1.8873070325900518
1.888013698630137
1.8885470085470082
1.888566552901024
1.8913117546848384
1.8931972789115648
1.8938879456706281
1.8938983050847458
1.8927241962774957
1.89375
1.8929173693086003
1.891919191919192
1.8919327731092437
1.8929530201342284
1.893132328308208
1.8931438127090299
1.89465776293823
1.8958333333333333
1.8958402662229616
1.8963455149501662
1.897512437810945
1.896688741721854
1.8978512396694214
1.8980198019801982
1.8995057660626031
1.9013157894736845
1.9019704433497533
1.9021311475409834
1.9049099836333876
1.9053921568627454
1.905383360522023
1.9068403908794784
1.908780487804878
1.911201298701299
1.9121555915721231
1.9134304207119741
1.9142164781906303
1.9162903225806454
1.916264090177134
1.9165594855305468
1.916051364365971
1.916826923076923
1.9175999999999995
1.917891373801917
1.9177033492822968
1.9191082802547768
1.9195548489666137
1.9234920634920638
1.9248811410459592
1.9254746835443037
1.926698262243286
1.9290220820189277
1.9313385826771654
1.9327044025157232
1.9326530612244899
1.9360501567398116
1.937402190923318
1.9389062499999998
1.9390015600624029
1.9394080996884735
1.9388802488335926
1.9400621118012424
1.93937984496124
1.9393188854489165
1.9398763523956724
1.9396604938271604
1.940523882896764
1.9412307692307693
1.943010752688172
1.9424846625766872
1.9428790199081163
1.942966360856269
1.9425954198473285
1.9439024390243902
1.943074581430746
1.943161094224924
1.9433990895295898
1.9446969696969698
1.950680786686838
1.9515105740181269
1.952187028657617
1.953463855421687
1.95593984962406
1.9566066066066063
1.956521739130435
1.9573353293413178
1.9578475336322867
1.9582089552238806
1.958122205663189
1.9586309523809526
1.959435364041605
1.9620178041543028
1.9626666666666666
1.9618343195266275
1.9627769571639586
1.962094395280236
1.9628865979381445
1.9642647058823528
1.9675477239353891
1.9692082111436953
1.968814055636896
1.9694444444444443
1.970802919708029
1.9737609329446062
1.9737991266375545
1.975436046511628
1.976923076923077
1.977391304347826
1.97698986975398
1.9777456647398843
1.9780663780663783
1.9806916426512966
1.980863309352518
1.9833333333333332
1.9842180774748925
1.984383954154728
1.98483547925608
1.9858571428571428
1.986447931526391
1.987749287749288
1.988051209103841
1.988636363636364
1.9903546099290779
1.9913597733711044
1.9903818953323902
1.9906779661016956
1.9937940761636106
1.9942253521126758
1.9952180028129398
1.9950842696629216
1.994670406732118
1.9952380952380948
1.9963636363636361
1.9973463687150836
1.9969316596931663
1.997771587743733
1.9979137691237832
1.9969444444444442
1.9983356449375864
1.9979224376731302
1.997372060857538
1.9966850828729286
1.9965517241379314
1.9961432506887058
1.997661623108666
1.9987637362637365
1.999039780521262
1.9994520547945203
2.0010943912448704
2.0025956284153006
2.0043656207366984
2.0072207084468667
2.00843537414966
2.0093750000000004
2.011533242876526
2.0107046070460703
2.0129905277401896
2.0135135135135136
2.0156545209176793
2.0153638814016177
2.0150740242261103
2.01747311827957
2.022013422818792
2.0218498659517423
2.0232931726907633
2.0239304812834225
2.0268357810413886
2.0265333333333335
2.025565912117177
2.026196808510638
2.0285524568393094
2.0314323607427056
2.0303311258278147
2.031084656084656
2.0319682959048877
2.0340369393139843
2.0333333333333337
2.034473684210526
2.0357424441524308
2.0351706036745414
2.0365661861074704
2.038219895287958
2.0403921568627448
2.0400783289817235
2.0414602346805735
2.0430989583333337
2.0429128738621585
2.0433766233766235
2.0438391699092087
2.046243523316062
2.0473479948253557
2.0492248062015506
2.049677419354839
2.050515463917526
2.050965250965251
2.052185089974293
2.052374839537869
2.052948717948718
2.0545454545454542
2.0556265984654734
2.056577266922095
2.057015306122449
2.0574522292993636
2.0587786259541985
2.059720457433291
2.059010152284264
2.059695817490494
2.060632911392405
2.0614412136536027
2.061742424242424
2.0630517023959647
2.06360201511335
2.063899371069182
2.06394472361809
2.0647427854454206
2.0654135338345867
2.065832290362953
2.06775
2.0689138576779027
2.0687032418952613
2.0682440846824406
2.067164179104478
2.0670807453416153
2.06848635235732
2.0691449814126393
2.069059405940594
2.071322620519159
2.070740740740741
2.0721331689272504
2.0730295566502464
2.074169741697417
2.0734643734643736
2.0736196319018405
2.074264705882353
2.0771113831089347
2.078239608801956
2.0786324786324792
2.079512195121951
2.080024360535932
2.0811435523114357
2.0821385176184686
2.082524271844661
2.082909090909091
2.0832929782082323
2.0833131801692866
2.0835748792270534
2.0857659831121835
2.0853012048192774
2.085439229843562
2.087379807692307
2.0876350540216086
2.0870503597122303
2.0868263473053896
2.086602870813397
2.0868578255675034
2.0863961813842478
2.0856972586412397
2.0870238095238096
2.0877526753864446
2.089311163895487
2.090272835112693
2.0913507109004743
2.0910059171597632
2.0908983451536645
2.0930342384887837
2.0928066037735853
2.0954063604240285
2.0957647058823534
2.0971797884841363
2.0983568075117374
2.0998827667057443
2.1001170960187356
2.099883040935673
2.1004672897196266
2.1008168028004666
2.102680652680653
2.1024447031431897
2.1037209302325577
2.1042973286875726
2.1074245939675174
2.107415990730012
2.1075231481481485
2.108208092485549
2.1093533487297917
2.108881199538639
2.1108294930875573
2.111162255466053
2.1114942528735634
2.1107921928817452
2.112729357798165
2.1134020618556706
2.1139588100686497
2.1152
2.1168949771689496
2.1177879133409347
2.117995444191344
2.118430034129693
2.119659090909091
2.1197502837684445
2.118934240362812
2.1178935447338616
2.118891402714932
2.1192090395480223
2.1205417607223476
2.120969560315671
2.121058558558558
2.122047244094488
2.122247191011236
2.122783389450056
2.1232062780269056
2.1246360582306827
2.124161073825504
2.124581005586592
2.125892857142857
2.124526198439242
2.124610244988864
2.125917686318131
2.1262222222222222
2.125749167591565
2.1256097560975613
2.125913621262458
2.126327433628319
2.125414364640884
2.125496688741722
2.1253583241455347
2.125330396475771
2.1260726072607263
2.1264835164835167
2.1267837541163557
2.128508771929825
2.128477546549836
2.1291028446389495
2.130491803278688
2.1301310043668122
2.132388222464558
2.1326797385620915
2.132644178454842
2.132826086956522
2.133550488599348
2.134056399132321
2.1347778981581795
2.1353896103896104
2.1377297297297297
2.1379049676025916
2.1395900755124058
2.139008620689655
2.1407965554359523
2.1420430107526887
2.143394199785177
2.1449570815450647
2.1460878885316186
2.1488222698072805
2.148877005347594
2.149465811965812
2.150480256136606
2.151599147121535
2.1511182108626192
2.1524468085106383
2.154091392136025
2.153927813163482
2.1533404029692473
2.154555084745763
2.1546031746031744
2.1546511627906972
2.155015839493136
2.1561181434599157
2.1570073761854585
2.157052631578947
2.1576235541535227
2.159873949579832
2.160230849947534
2.161006289308176
2.1608376963350784
2.1611924686192467
2.160710553814002
2.1603340292275575
2.159958289885297
2.1597916666666666
2.16108220603538
2.1603950103950105
2.159709241952233
2.160684647302905
2.1604145077720207
2.159213250517598
2.159462254395036
2.161260330578512
2.162951496388029
2.1629896907216497
2.162615859938208
2.1631687242798354
2.1640287769784172
2.165400410677618
2.1660512820512823
2.1674180327868853
2.1697031729785055
2.1694274028629854
2.169152196118488
2.1692857142857145
2.170540265035678
2.173625254582485
2.1733468972533063
2.174186991869919
2.175228426395939
2.175152129817444
2.175177304964539
2.1756072874493926
2.1764408493427707
2.176060606060606
2.17547931382442
2.175
2.17472306143001
2.175553319919517
2.17497487437186
2.175200803212851
2.1757271815446337
2.1761523046092184
2.1772772772772773
2.1782999999999997
2.1784215784215784
2.177944111776447
2.177866400797607
2.1788844621513945
2.1800995024875625
2.181212723658052
2.181330685203575
2.1823412698412694
2.1822596630327054
2.182673267326733
2.1839762611275964
2.1843873517786556
2.1854886475814412
2.185404339250493
2.186699507389162
2.187696850393701
2.1886922320550637
2.1903732809430254
2.191952894995093
2.191960784313726
2.191380999020568
2.1918786692759293
2.19247311827957
2.19375
2.195317073170732
2.1952241715399614
2.1955209347614413
2.1960116731517507
2.197278911564626
2.1972815533980583
2.199321047526673
2.199515503875969
2.2011616650532426
2.202321083172147
2.203188405797101
2.204054054054054
2.2070395371263256
2.207032755298651
2.207314725697786
2.2083653846153846
2.2101825168107587
2.211804222648752
2.211888782358581
2.213984674329502
2.2134928229665074
2.2129063097514345
2.214517669531996
2.2157442748091603
2.2171591992373694
2.217714285714286
2.218078020932445
2.219771863117871
2.2203228869895533
2.22134724857685
2.2211374407582936
2.2221590909090905
2.224787133396405
2.225047258979206
2.226062322946176
2.2263207547169808
2.227898209236569
2.230225988700565
2.229821260583255
2.231203007518797
2.2312676056338026
2.230956848030019
2.2304592314901592
2.231741573033708
2.231805425631431
2.2314953271028033
2.231839402427638
2.2322761194029854
2.2324324324324323
2.2332402234636874
2.2354418604651167
2.2355947955390336
2.2348189415041784
2.235343228200371
2.2357738646895275
2.235925925925926
2.237187789084181
2.2375231053604434
2.237488457987073
2.2378228782287826
2.2372350230414746
2.2368324125230203
2.2367065317387302
2.2360294117647057
2.2359044995408635
2.2356880733944955
2.2360219981668195
2.2362637362637363
2.235864592863678
2.235831809872029
2.2357077625570776
2.2371350364963503
2.2366453965360074
2.2360655737704915
2.236214740673339
2.2363636363636368
2.23732970027248
2.2382032667876586
2.2378966455122393
2.2375
2.238552036199095
2.238155515370705
2.237940379403794
2.2382671480144407
2.2388638412984667
2.2406306306306307
2.24032403240324
2.241187050359712
2.2426774483378256
2.242728904847397
2.242780269058296
2.244175627240143
2.2454789615040287
2.246511627906977
2.246916890080429
2.247142857142857
2.248795718108831
2.2496434937611407
2.250222617987533
2.2506227758007116
2.2516444444444446
2.2516873889875666
2.252617568766637
2.2538120567375883
2.255447298494243
2.256017699115044
2.25658709106985
2.2568904593639574
2.2562224183583406
2.256172839506173
2.256035242290749
2.2568661971830988
2.258047493403694
2.258787346221441
2.258999122036874
2.259298245614035
2.2585451358457496
2.257880910683012
2.258705161854768
2.2585664335664335
2.2597379912663755
2.260558464223386
2.263034001743679
2.2635017421602788
2.2640557006092252
2.2637391304347823
2.264291920069505
2.265798611111111
2.2666088464874234
2.2677642980935873
2.2691774891774887
2.269636678200692
2.269922212618842
2.2697754749568224
2.27144089732528
2.2717241379310344
2.2733850129198965
2.2742685025817555
2.2757523645743767
2.275687285223368
2.2763948497854076
2.2775300171526585
2.278234790059983
2.2797089041095893
2.279555175363558
2.2814529914529915
2.2818104184457724
2.2823378839590447
2.283375959079284
2.2847529812606475
2.285531914893617
2.285884353741497
2.287000849617672
2.288200339558574
2.2882103477523326
2.2890677966101696
2.2910245554614734
2.2912013536379012
2.2912933220625527
2.291131756756756
2.291645569620253
2.292495784148398
2.292249368155013
2.2933501683501687
2.294449116904963
2.29436974789916
2.2960537363560034
2.296140939597316
2.296563285834032
2.296649916247906
2.296234309623431
2.2969899665551843
2.2978279030910604
2.297579298831386
2.297998331943286
2.2981666666666665
2.2985845129059115
2.298003327787022
2.2981712385702417
2.2990863787375413
2.2994190871369296
2.2991708126036476
2.2995028997514497
2.2998344370860924
2.299751861042184
2.300909090909091
2.300578034682081
2.3008250825082506
2.300989282769992
2.302635914332784
2.3030452674897117
2.303536184210526
2.3053410024650782
2.3064039408867
2.306808859721083
2.307377049180328
2.308108108108108
2.3090834697217675
2.309157808667212
2.3089869281045745
2.3108571428571425
2.31068515497553
2.310920945395273
2.311074918566775
2.311879576891782
2.3124390243902435
2.312916328188465
2.3143668831168833
2.316382806163828
2.318233387358185
2.318056680161943
2.318203883495145
2.317784963621665
2.3184168012924067
2.3182405165456013
2.3186290322580647
2.3198227236099918
2.3195652173913044
2.320193081255028
2.320176848874598
2.3219277108433736
2.32223113964687
2.32317562149158
2.323397435897436
2.323698959167334
2.32392
2.324300559552358
2.325319488817892
2.325379090183559
2.32488038277512
2.3247808764940237
2.3258757961783436
2.3254574383452664
2.3255961844197137
2.3262112787926927
2.3273809523809526
2.3274385408406024
2.3293185419968307
2.329532858273951
2.3303006329113924
2.331620553359684
2.3320695102685622
2.332202052091555
2.33217665615142
2.333333333333333
2.334251968503937
2.3346970889063727
2.335220125786164
2.3354281225451685
2.335086342229199
2.335921568627451
2.3355799373040753
2.3352388410336724
2.3348982785602503
2.3345582486317435
2.334765625
2.3348165495706477
2.3349453978159125
2.334762275915822
2.334501557632399
2.33556420233463
2.335847589424572
2.3365190365190367
2.3365683229813667
2.3367726920093093
2.3368217054263565
2.3360960495739738
2.3360681114551083
2.337045630317092
2.3368624420401853
2.3368339768339768
2.3365740740740732
2.337162683114881
2.3371340523882895
2.3374133949191687
2.337307692307692
2.337202152190623
2.3374807987711215
2.3378357636224094
2.338266871165644
2.338544061302682
2.339356814701378
2.339862280030604
2.339984709480122
2.3397249809014515
2.340916030534351
2.340274599542334
2.3409298780487804
2.342041127189642
2.3431506849315067
2.3436501901140683
2.3455167173252276
2.346089597570235
2.3472685887708646
2.3478392721758907
2.3481818181818186
2.3485995457986375
2.3491679273827537
2.3500377928949363
2.351057401812689
2.351547169811321
2.351885369532428
2.352750565184627
2.353313253012048
2.354100827689993
2.35390977443609
2.3543951915852737
2.3544294294294295
2.3547636909227307
2.355847076461769
2.3554307116104867
2.35501497005988
2.3548242333582645
2.355904334828102
2.3561613144137414
2.3570149253731345
2.358314690529456
2.3590909090909093
2.358897989575577
2.3586309523809517
2.358438661710037
2.3583209509658243
2.358648849294729
2.3594955489614238
2.3593773165307637
2.359703703703704
2.360547742413027
2.360798816568047
2.3607538802660755
2.3633677991137367
2.3633210332103323
2.3631268436578172
2.3632277081798083
2.3631075110456554
2.3630610743193525
2.363014705882353
2.364290962527553
2.365198237885463
2.3664710198092447
2.366935483870968
2.3674725274725277
2.3671303074670575
2.3677395757132405
2.3682017543859653
2.36800584368152
2.367810218978102
2.367687819110139
2.3677113702623904
2.3672978878368536
2.3681222707423584
2.3694545454545453
2.3699854651162786
2.3711692084241105
2.3716255442670535
2.3726613488034807
2.3734782608695655
2.3751629254163653
2.3762662807525325
2.376934201012292
2.377312138728324
2.3774007220216604
2.3782106782106784
2.378947368421053
2.379322766570605
2.3804895608351333
2.382446043165468
2.3823867721063983
2.383261494252874
2.3829145728643217
2.383070301291248
2.383010752688172
2.3837392550143264
2.3843951324266284
2.384978540772532
2.3854181558255894
2.3863571428571424
2.3865096359743045
2.3866619115549215
2.386600142551675
2.386039886039886
2.3869750889679713
2.3873399715504973
2.3882018479033404
2.387997159090909
2.3892122072391766
2.389858156028369
2.3892983699503896
2.389447592067989
2.389738145789101
2.3893917963224895
2.388833922261484
2.389053672316384
2.389343683839097
2.3892806770098725
2.388935870331219
2.3890140845070422
2.3899366643209006
2.390295358649789
2.3906535488404783
2.390308988764045
2.3906666666666667
2.391374474053296
2.3913104414856345
2.3913865546218487
2.3915325402379284
2.3914685314685316
2.3920335429769386
2.393854748603352
2.394277739009072
2.394281729428173
2.3949825783972125
2.394707520891365
2.3943632567849686
2.3947844228094577
2.3947880472550382
2.395347222222222
2.396530187369882
2.3968099861303744
2.396950796950797
2.3970914127423826
2.3973010380622837
2.398409405255878
2.3982722874913613
2.3975828729281767
2.397446514837819
2.397724137931035
2.3993108201240525
2.3996556473829203
2.3991741225051615
2.3991059147180196
2.3991065292096225
2.400206043956044
2.4009608785175023
2.401508916323731
2.401987662782728
2.402876712328767
2.4036960985626283
2.404309165526676
2.4063568010936427
2.4079234972677597
2.4093515358361772
2.4098908594815827
2.410293115201091
2.4104223433242504
2.410142954390742
2.410136054421769
2.410673011556764
2.4106657608695654
2.4109300746775286
2.4113297150610586
2.4112542372881354
2.4118563685636856
2.4125253893026404
2.4133964817320703
2.413184584178499
2.414189189189189
2.4133693450371365
2.4139676113360324
2.414497639919083
2.414487870619946
2.4146801346801348
2.4150067294751008
2.4154673839946197
2.4157258064516127
2.416924110141034
2.418053691275168
2.4184439973172367
2.418632707774799
2.4193569993302075
2.4202811244979916
2.420133779264214
2.419719251336898
2.420040080160321
2.4195594125500675
2.4193462308205467
2.4191333333333334
2.419586942038641
2.4195073235685753
2.4193612774451094
2.419082446808511
2.4185382059800666
2.4177954847277556
2.4181154611811544
2.418103448275862
2.4184227965540095
2.419602649006622
2.419126406353408
2.4186507936507935
2.4192333113020488
2.4196829590488766
2.4200660066006603
2.4197229551451187
2.4194462755438364
2.419631093544137
2.419157340355497
2.419407894736842
2.41939513477975
2.419250985545335
2.4202232435981617
2.4204068241469816
2.420459016393443
2.420576671035387
2.4209561231172234
2.421596858638744
2.421517331589274
2.4216993464052288
2.4219464402351405
2.422389033942559
2.4225701239399866
2.422425032594524
2.4231270358306185
2.4243489583333337
2.424137931034483
2.4244473342002597
2.424561403508771
2.4257142857142857
2.426865671641791
2.4278858625162125
2.428904731043422
2.4293393782383417
2.4298381877022655
2.4295601552393276
2.4298642533936654
2.430297157622739
2.4302775984506133
2.4305161290322586
2.4321083172147007
2.432474226804124
2.4323889246619443
2.4326254826254825
2.4326045016077167
2.432904884318766
2.4328195247270394
2.433504492939666
2.4344451571520205
2.4351282051282053
2.4364509929532354
2.4370678617157493
2.436980166346769
2.436381074168798
2.436613418530351
2.437037037037037
2.437587747287811
2.4378188775510212
2.4382409177820263
2.4384713375796183
2.4388924252068747
2.4382315521628497
2.4384615384615382
2.438500635324015
2.4388571428571426
2.4398477157360405
2.4400760938490804
2.439860583016477
2.44008866371121
2.440379746835443
2.441049968374446
2.4417193426042982
2.441945672773216
2.441729797979798
2.4417034700315456
2.4424968474148807
2.4422180214240705
2.442254408060453
2.44235368156073
2.443207547169812
2.4431803896920177
2.4435301507537686
2.4447583176396734
2.445859473023839
2.4460188087774295
2.4460526315789473
2.4467125860989354
2.4474968710888616
2.448217636022514
2.448875
2.4499687695190504
2.4517478152309615
2.4518402994385524
2.4520573566084782
2.453208722741433
2.4537982565379823
2.453951462352209
2.4547885572139307
2.4556867619639533
2.4567701863354037
2.4571694599627563
2.45787841191067
2.458648481091134
2.459169764560099
2.4595046439628487
2.458972772277227
2.4594928880643168
2.460012360939431
2.461087090796788
2.4611111111111112
2.4628624305983964
2.4637484586929714
2.4643869377695626
2.464593596059113
2.4655384615384612
2.4656211562115624
2.465519360786724
2.465601965601966
2.4651933701657462
2.4652760736196315
2.4658491722869407
2.4669730392156866
2.467421922841396
2.468421052631579
2.467951070336391
2.4684596577017115
2.468540012217471
2.469108669108669
2.4688834655277607
2.468536585365854
2.4689213893967095
2.4707673568818516
2.471393791844187
2.471167883211679
2.472462006079027
2.4736330498177397
2.474074074074074
2.4743325242718446
2.474651303820498
2.474909090909091
2.4752877044215627
2.4756053268765137
2.4752571082879617
2.4756952841596123
2.47595166163142
2.4763888888888888
2.476403138201569
2.476236429433052
2.476974080771549
2.476987951807229
2.47844671884407
2.478459687123947
2.478953698135899
2.478966346153846
2.4804204204204203
2.4803121248499402
2.4811037792441515
2.482254196642686
2.4837627321749554
2.4835329341317367
2.4835427887492516
2.483971291866028
2.484937238493724
2.484826762246117
2.485253731343284
2.485381861575179
2.485271317829457
2.4858760429082243
2.4862418106015487
2.485952380952381
2.4862581796549668
2.487574316290131
2.488235294117647
2.4894299287410924
2.48973293768546
2.490450771055754
2.490693538826319
2.490876777251185
2.4913558318531672
2.491301775147929
2.491661738616203
2.4914893617021283
2.492321323095098
2.4922668240850063
2.4917994100294982
2.4920400943396226
2.49180907483795
2.491637220259128
2.4916421424367274
2.4921176470588238
2.4926513815402704
2.4932432432432434
2.4938931297709925
2.494014084507042
2.4953079178885633
2.4957209847596715
2.495840656121851
2.4961943793911003
2.496606202457577
2.4980116959064325
2.49812974868498
2.497780373831776
2.4984821949795677
2.4984247374562427
2.4988921282798833
2.499125874125874
2.499883517763541
2.50104772991851
2.50087260034904
2.5008720930232555
2.5014526438117377
2.5015679442508714
2.5016831108531634
2.5025522041763337
2.503072463768116
2.5039976825028973
2.5042269832078747
2.5042824074074077
2.505147484094853
2.505375722543353
2.5062969381860194
2.506466512702078
2.50732833237161
2.507497116493657
2.5077809798270896
2.5077764976958523
2.509383995394358
2.510817031070196
2.5120184013801032
2.513448275862069
2.515106260769673
2.515958668197474
2.516695352839931
2.517316513761468
2.519025787965616
2.5197021764032073
2.520435031482541
2.520995423340961
2.521269296740995
2.521542857142857
2.5222729868646487
2.5228881278538813
2.5230462065031376
2.5241733181299884
2.5243874643874644
2.524373576309795
2.5248150256118382
2.525711035267349
2.5264354747015347
2.526136363636364
2.526405451448041
2.5280930760499434
2.528417470221214
2.528458049886621
2.52929178470255
2.529898074745187
2.530050933786078
2.5296380090497737
2.530864895421142
2.531525423728813
2.5321852060982493
2.532618510158014
2.5329385222786236
2.533765501691094
2.5344788732394368
2.534403153153153
2.5344400675295438
2.534195725534308
2.5341202922990442
2.5347752808988764
2.534924199887704
2.5354096520763187
2.536511497476164
2.5364349775784754
2.536414565826331
2.5368421052631582
2.53782876329043
2.537975391498881
2.537954164337619
2.5383240223463686
2.5385817978782805
2.5388392857142854
2.539709983268265
2.5404682274247494
2.5407242339832874
2.541314031180401
2.5417362270450754
2.5419911012235814
2.542301278488049
2.543166666666667
2.5433092726263182
2.5438401775804658
2.544259567387687
2.5456208425720623
2.5457063711911356
2.5454042081949058
2.546043165467626
2.5456305309734506
2.5467661691542287
2.546740331491713
2.5482606294864714
2.548344370860927
2.5498621070049636
2.550220507166483
2.549917355371901
2.5494493392070483
2.5494221243808477
2.5498899889989
2.550192413413964
2.55010989010989
2.5499725425590336
2.549780461031833
2.550356555128908
2.550877192982456
2.551178082191781
2.551259583789704
2.551505199781062
2.55246170678337
2.5525970475669766
2.5528415300546445
2.5532495903877663
2.552838427947598
2.553246044735407
2.5543620501635766
2.5550953678474118
2.5554466230936823
2.55547087642896
2.5557671381936884
2.556334964654704
2.5565217391304342
2.5561651276480175
2.556406080347448
2.5576234400434075
2.558568329718004
2.5584281842818433
2.558721560130011
2.5592853275582024
2.56017316017316
2.5611681990265014
2.5620540540540544
2.562236628849271
2.562958963282937
2.5628170534268753
2.5629989212513484
2.564150943396226
2.5641163793103448
2.5646203554119547
2.5650161463939716
2.56508875739645
2.564838709677419
2.5656098871574424
2.5664339419978512
2.5661298980139557
2.566148068669528
2.567024128686327
2.567202572347267
2.567434386716658
2.567665952890793
2.568164794007491
2.5681283422459895
2.56878674505612
2.5686431623931627
2.568659903897491
2.569103521878335
2.56944
2.5699360341151385
2.5701118806606287
2.5710330138445157
2.5716338477913783
2.571968085106383
2.5732589048378522
2.573857598299681
2.574455655868295
2.575
2.575649867374006
2.5754506892895015
2.575993640699523
2.575953389830508
2.575966119640021
2.575661375661376
2.576203067160233
2.5769027484143763
2.577179080824089
2.577507919746568
2.5787862796833774
2.579588607594937
2.580390089615182
2.580663856691254
2.581674565560821
2.5830526315789477
2.583166754339821
2.583333333333333
2.584130320546506
2.584401260504202
2.58503937007874
2.5859391395592866
2.585527005768223
2.5864255765199156
2.5866422210581455
2.5869633507853402
2.5871794871794873
2.5871861924686193
2.5871406168322006
2.588087774294671
2.588772845953003
2.5892484342379958
2.5896713615023472
2.589885297184567
2.590672225117249
2.5908333333333333
2.591410723581468
2.591883454734651
2.5923036921476856
2.5919958419958418
2.5921558441558443
2.5920041536863967
2.5925272444213805
2.592790456431535
2.592794193882841
2.593212435233161
2.5940445365095806
2.5948240165631473
2.5953957578892917
2.5957083764219235
2.5964341085271316
2.596022727272727
2.597418688693856
2.597987616099071
2.5976792160907687
2.5979381443298966
2.599896960329727
2.599639546858908
2.5992279979413278
2.5992798353909463
2.5997943444730076
2.600616649537513
2.601129943502825
2.6013347022587268
2.60143663417137
2.6012307692307695
2.601025115325474
2.6010245901639344
2.6011264720942138
2.602098259979529
2.6032736572890025
2.6035787321063393
2.603934593765968
2.604494382022472
2.604951505870342
2.604642857142857
2.6046914839367674
2.605300713557594
2.605960264900662
2.6068228105906317
2.607175572519084
2.6072227873855542
2.6074224707676663
2.6075711382113815
2.6081767394616557
2.608477157360406
2.6090309487569763
2.6099898580121703
2.610136847440446
2.610739614994934
2.6116962025316455
2.611487854251012
2.6113302984319673
2.611729019211325
2.6112683173319864
2.6112121212121213
2.6117617364967183
2.612058526740666
2.6125063035804335
2.6130040322580648
2.6128463476070527
2.6129909365558914
2.6132863613487674
2.613631790744466
2.6138763197586727
2.614070351758794
2.613862380713209
2.6143574297188756
2.6152032112393377
2.615245737211635
2.615388471177945
2.6159318637274547
2.616274411617426
2.6163163163163157
2.6167583791895948
2.6166000000000005
