1.4
1.15
1.4666666666666666
1.475
1.4600000000000002
1.6666666666666667
1.7
1.6875
1.722222222222222
1.7599999999999998
1.7
1.725
1.6615384615384616
1.6642857142857141
1.6466666666666665
1.66875
1.6647058823529413
1.7666666666666664
1.7842105263157895
1.8050000000000002
1.761904761904762
1.731818181818182
1.7173913043478262
1.725
1.7400000000000002
1.7307692307692306
1.7296296296296294
1.7142857142857146
1.717241379310345
1.7133333333333334
1.7096774193548392
1.7
1.6939393939393939
1.6852941176470586
1.6828571428571428
1.7166666666666668
1.7405405405405407
1.7657894736842106
1.7692307692307694
1.7625
1.7707317073170734
1.788095238095238
1.8069767441860467
1.7886363636363636
1.78
1.7695652173913043
1.7765957446808511
1.7645833333333332
1.755102040816326
1.7719999999999998
1.764705882352941
1.771153846153846
1.762264150943396
1.7537037037037038
1.7472727272727275
1.7642857142857142
1.7631578947368425
1.7482758620689656
1.7372881355932204
1.73
1.721311475409836
1.7080645161290324
1.7079365079365083
1.7078125
1.7015384615384614
1.687878787878788
1.692537313432836
1.6926470588235294
1.6840579710144925
1.6900000000000002
1.6901408450704227
1.6902777777777778
1.70958904109589
1.7148648648648646
1.7319999999999998
1.735526315789474
1.7337662337662334
1.7435897435897434
1.7531645569620253
1.7474999999999998
1.7506172839506173
1.7597560975609756
1.7578313253012048
1.7571428571428573
1.7552941176470587
1.7453488372093027
1.7448275862068967
1.7431818181818184
1.744943820224719
1.7455555555555553
1.7428571428571427
1.740217391304348
1.734408602150538
1.7276595744680852
1.7189473684210526
1.7135416666666665
1.7144329896907216
1.710204081632653
1.716161616161616
1.7259999999999998
1.7227722772277225
1.7186274509803923
1.716504854368932
1.7201923076923076
1.719047619047619
1.717924528301887
1.7271028037383178
1.7277777777777774
1.7293577981651373
1.7509090909090912
1.7585585585585588
1.7508928571428573
1.7486725663716811
1.7482456140350877
1.7469565217391305
1.7474137931034484
1.7393162393162391
1.7347457627118643
1.742857142857143
1.7391666666666665
1.7438016528925622
1.7401639344262296
1.7430894308943092
1.7483870967741937
1.7448000000000001
1.7484126984126984
1.7527559055118112
1.75625
1.751937984496124
1.7507692307692309
1.7488549618320608
1.7484848484848488
1.762406015037594
1.765671641791045
1.7674074074074073
1.7691176470588232
1.7715328467153284
1.7695652173913046
1.7719424460431654
1.7721428571428568
1.777304964539007
1.7802816901408451
1.788811188811189
1.7951388888888888
1.7951724137931033
1.8095890410958901
1.8197278911564627
1.8195945945945944
1.8214765100671144
1.8293333333333337
1.839735099337748
1.8375000000000004
1.8490196078431373
1.8506493506493507
1.8496774193548386
1.8512820512820514
1.8496815286624202
1.8462025316455695
1.8446540880503144
1.8443749999999999
1.8440993788819877
1.8456790123456788
1.8484662576687119
1.85
1.852121212121212
1.8518072289156629
1.8538922155688624
1.8577380952380949
1.8644970414201183
1.8652941176470588
1.872514619883041
1.8784883720930232
1.8826589595375722
1.881609195402299
1.877714285714286
1.8829545454545453
1.8847457627118644
1.8977528089887639
1.9
1.901111111111111
1.898895027624309
1.8967032967032966
1.8950819672131147
1.8907608695652172
1.8924324324324324
1.8892473118279571
1.8850267379679146
1.8829787234042552
1.8830687830687833
1.8815789473684208
1.8769633507853407
1.8734375
1.8725388601036268
1.870618556701031
1.8692307692307693
1.8642857142857143
1.8664974619289338
1.8696969696969696
1.8688442211055274
1.8664999999999998
1.8616915422885572
1.8574257425742569
1.8556650246305417
1.8529411764705883
1.8482926829268294
1.8509708737864077
1.8507246376811595
1.8504807692307694
1.8559808612440194
1.8557142857142856
1.8521327014218012
1.8495283018867923
1.8455399061032864
1.8462616822429905
1.8465116279069764
1.8449074074074072
1.847926267281106
1.8486238532110093
1.8493150684931503
1.851818181818182
1.8542986425339365
1.8608108108108108
1.858744394618834
1.8642857142857145
1.8622222222222224
1.8628318584070798
1.8634361233480177
1.8631578947368421
1.8624454148471614
1.8634782608695653
1.8614718614718615
1.86551724137931
1.8660944206008583
1.8688034188034188
1.8693617021276594
1.8703389830508474
1.8708860759493668
1.8714285714285712
1.8740585774058576
1.8733333333333335
1.8709543568464728
1.8714876033057852
1.8728395061728396
1.8700819672131146
1.872244897959184
1.8756097560975609
1.879757085020243
1.879032258064516
1.8795180722891565
1.8823999999999999
1.8812749003984064
1.8817460317460317
1.883399209486166
1.88503937007874
1.889803921568627
1.88984375
1.8902723735408558
1.88953488372093
1.8884169884169886
1.8919230769230773
1.891954022988506
1.894274809160305
1.8908745247148289
1.8992424242424242
1.896603773584906
1.8981203007518797
1.898501872659176
1.8981343283582088
1.8992565055762083
1.9003703703703703
1.8996309963099633
1.9007352941176472
1.8989010989010988
1.8992700729927008
1.8981818181818184
1.897463768115942
1.8974729241877255
1.897841726618705
1.8985663082437276
1.9003571428571426
1.900711743772242
1.897872340425532
1.8996466431095407
1.8975352112676056
1.9021052631578947
1.902797202797203
1.9031358885017422
1.902083333333333
1.9017301038062286
1.9062068965517245
1.9120274914089346
1.9123287671232876
1.910921501706485
1.9136054421768705
1.9142372881355931
1.9175675675675676
1.9164983164983167
1.9181208053691279
1.9210702341137125
1.9223333333333337
1.9205980066445183
1.9178807947019867
1.9158415841584162
1.9151315789473682
1.9147540983606555
1.915359477124183
1.9162866449511402
1.9191558441558443
1.920711974110032
1.9187096774193546
1.9250803858520897
1.9246794871794872
1.9252396166134182
1.9261146496815287
1.928888888888889
1.930379746835443
1.9331230283911673
1.9361635220125788
1.9344827586206896
1.9371874999999998
1.9389408099688474
1.9409937888198763
1.9402476780185758
1.945987654320988
1.948923076923077
1.9493865030674846
1.9513761467889907
1.9506097560975608
1.9495440729483284
1.9512121212121207
1.9501510574018126
1.946686746987952
1.9492492492492495
1.9500000000000004
1.9498507462686565
1.9476190476190474
1.9471810089020771
1.945562130177515
1.9460176991150444
1.9473529411764705
1.9475073313782993
1.9459064327485378
1.946355685131195
1.9459302325581394
1.946376811594203
1.951734104046243
1.9538904899135445
1.9563218390804598
1.9584527220630374
1.9582857142857144
1.9575498575498578
1.958806818181818
1.9620396600566572
1.9596045197740115
1.9591549295774648
1.9587078651685395
1.9602240896358545
1.9620111731843575
1.962674094707521
1.9605555555555554
1.9590027700831023
1.9588397790055248
1.9592286501377412
1.960164835164835
1.961917808219178
1.9617486338797814
1.9618528610354224
1.9644021739130433
1.9655826558265583
1.9683783783783784
1.97088948787062
1.9712365591397851
1.9718498659517425
1.974598930481283
1.9733333333333332
1.9731382978723402
1.973740053050398
1.9772486772486773
1.9773087071240105
1.9765789473684208
1.9792650918635168
1.9811518324607331
1.981462140992167
1.9841145833333336
1.9836363636363632
1.9852331606217615
1.9868217054263564
1.9907216494845357
1.9946015424164525
1.994871794871795
1.9943734015345271
1.9948979591836735
1.9997455470737915
2.002030456852791
2.0027848101265824
2.0042929292929292
2.0042821158690183
2.007035175879397
2.0085213032581457
2.0137499999999995
2.0199501246882794
2.019402985074627
2.0243176178660045
2.0259900990099013
2.0264197530864196
2.026600985221675
2.0275184275184275
2.031372549019608
2.0332518337408314
2.035365853658537
2.039659367396594
2.0427184466019415
2.0469733656174336
2.0487922705314014
2.0491566265060244
2.0492788461538463
2.0484412470023985
2.0476076555023925
2.047494033412888
2.045
2.044893111638955
2.046919431279621
2.0453900709219854
2.0452830188679245
2.0503529411764703
2.050469483568075
2.051288056206089
2.0521028037383173
2.04988344988345
2.0525581395348835
2.0517401392111365
2.051388888888889
2.051039260969977
2.0523041474654375
2.055862068965517
2.056880733944954
2.057894736842105
2.0602739726027393
2.0615034168564916
2.0625
2.0648526077097507
2.06606334841629
2.067268623024831
2.068243243243243
2.0694382022471913
2.0706278026905824
2.0702460850111857
2.0723214285714286
2.0734966592427613
2.0748888888888892
2.0778270509977825
2.076769911504425
2.0772626931567326
2.076431718061674
2.076263736263736
2.0796052631578945
2.082056892778993
2.081222707423581
2.0821350762527233
2.0884782608695653
2.089804772234273
2.091341991341991
2.0911447084233266
2.0935344827586206
2.0944086021505375
2.0969957081545063
2.0967880085653103
2.097435897435897
2.0989339019189766
2.1002127659574468
2.100212314225053
2.0995762711864403
2.0995771670190275
2.1031645569620254
2.1042105263157898
2.1065126050420164
2.108176100628931
2.1140167364016738
2.1154488517745307
2.1149999999999998
2.1158004158004156
2.116182572614108
2.1196687370600418
2.1208677685950414
2.12
2.120164609053498
2.1234086242299797
2.1262295081967215
2.127811860940695
2.1275510204081627
2.128513238289206
2.130081300813008
2.1320486815415824
2.1348178137651823
2.135353535353535
2.138911290322581
2.1380281690140848
2.1395582329317273
2.1402805611222444
2.1420000000000003
2.143512974051896
2.146215139442231
2.1497017892644137
2.148809523809524
2.151881188118812
2.1525691699604743
2.1532544378698226
2.1570866141732283
2.1575638506876227
2.160392156862745
2.163013698630137
2.163671875
2.166081871345029
2.1694552529182882
2.1708737864077667
2.1703488372093025
2.1748549323017405
2.178185328185328
2.178420038535646
2.1823076923076927
2.1842610364683304
2.185823754789272
2.1845124282982793
2.188358778625954
2.1906666666666665
2.1910646387832697
2.1910815939278936
2.1912878787878793
2.193572778827977
2.1945283018867925
2.1954802259887005
2.1951127819548875
2.197373358348968
2.197940074906367
2.1977570093457945
2.1981343283582087
2.199068901303538
2.2
2.200742115027829
2.2022222222222223
2.203142329020333
2.204243542435424
2.2075506445672186
2.2084558823529408
2.2089908256880735
2.208791208791209
2.2122486288848267
2.212773722627737
2.2125683060109287
2.2141818181818183
2.2157894736842105
2.2182971014492754
2.220976491862568
2.2222021660649824
2.224324324324324
2.225719424460432
2.22657091561939
2.226344086021505
2.22737030411449
2.228214285714286
2.2270944741532976
2.227935943060498
2.2268206039076377
2.227482269503546
2.2286725663716815
2.228798586572438
2.2273368606701944
2.2283450704225354
2.228471001757469
2.2285964912280702
2.2309982486865154
2.2305944055944056
2.2329842931937174
2.232752613240418
2.232
2.2345486111111112
2.2363951473136914
2.238062283737024
2.2398963730569945
2.240172413793103
2.2411359724612736
2.243298969072165
2.243910806174957
2.24486301369863
2.246324786324786
2.2450511945392493
2.244293015332197
2.2438775510204083
2.2453310696095077
2.245084745762712
2.2456852791878177
2.2449324324324325
2.245868465430017
2.2476430976430977
2.2487394957983193
2.25
2.2505862646566164
2.2505016722408024
2.24991652754591
2.2506666666666666
2.2504159733777036
2.251495016611296
2.2500829187396354
2.2498344370860925
2.2505785123966944
2.252970297029703
2.2543657331136737
2.254440789473684
2.257635467980296
2.258032786885246
2.2592471358428807
2.263071895424837
2.26394779771615
2.264495114006515
2.2666666666666666
2.266883116883117
2.270664505672609
2.272977346278317
2.2715670436187394
2.272903225806451
2.2742351046698874
2.2734726688102898
2.2757624398073837
2.2754807692307693
2.27728
2.2765175718849844
2.2754385964912283
2.2769108280254775
2.2782193958664547
2.279047619047619
2.2793977812995245
2.2799050632911397
2.2797788309636653
2.281388012618297
2.2836220472440947
2.286477987421384
2.2861852433281005
2.2858934169278995
2.285602503912363
2.2859375
2.2882995319812793
2.2889408099688477
2.2894245723172633
2.288819875776398
2.2891472868217053
2.288080495356037
2.28902627511592
2.2884259259259263
2.290292758089368
2.2943076923076924
2.2961597542242704
2.2958588957055217
2.2989280245022967
2.300764525993884
2.301526717557252
2.3015243902439027
2.3022831050228305
2.3034954407294834
2.3027314112291357
2.3025757575757573
2.3033282904689862
2.305287009063444
2.305731523378582
2.3058734939759034
2.3063157894736843
2.3069069069069066
2.308395802098951
2.309131736526946
2.3103139013452916
2.3102985074626865
2.310730253353204
2.310863095238095
2.3108469539375927
2.311572700296736
2.313777777777778
2.3139053254437867
2.314327917282127
2.315929203539823
2.3164948453608245
2.3166176470588242
2.3158590308370046
2.3162756598240466
2.31800878477306
2.3191520467836257
2.321459854014599
2.321137026239067
2.3202328966521106
2.3212209302325584
2.320899854862119
2.3202898550724638
2.320839363241679
2.322398843930636
2.3229437229437226
2.3244956772334295
2.3254676258992806
2.325
2.3253945480631275
2.325214899713467
2.324463519313305
2.3244285714285713
2.3243937232524963
2.324643874643875
2.3247510668563303
2.325994318181818
2.3259574468085105
2.3257790368271953
2.3254596888260255
2.324717514124294
2.3262341325811002
2.3278873239436626
2.328270042194093
2.327247191011236
2.3293127629733528
2.330532212885154
2.3303496503496506
2.329329608938547
2.330264993026499
2.3309192200557103
2.3315716272600833
2.331527777777778
2.3316227461858525
2.332271468144044
2.3330567081604423
2.33439226519337
2.335172413793103
2.335674931129476
2.3353507565337
2.336675824175824
2.338134430727023
2.3372602739726025
2.3388508891928863
2.339071038251366
2.3399727148703953
2.339373297002725
2.340408163265306
2.3414402173913045
2.3405698778833104
2.341463414634146
2.343301759133965
2.3435135135135137
2.3434547908232117
2.342991913746631
2.3429340511440104
2.342741935483871
2.343221476510067
2.3447721179624663
2.3445783132530122
2.3449197860962565
2.345527369826435
2.3458666666666668
2.347403462050599
2.3465425531914894
2.345949535192563
2.3449602122015913
2.344238410596027
2.3445767195767195
2.345046235138706
2.344722955145119
2.3454545454545457
2.345526315789474
2.3449408672798944
2.3451443569553807
2.347575360419397
2.3467277486911
2.3491503267973854
2.3490861618798955
2.348891786179922
2.3493489583333336
2.3504551365409627
2.3502597402597405
2.3509727626459145
2.3510362694300517
2.351358344113842
2.351550387596899
2.352516129032258
2.352190721649485
2.352252252252252
2.351413881748072
2.3514762516046215
2.352179487179487
2.3545454545454545
2.35460358056266
2.3546615581098345
2.355102040816327
2.3556687898089175
2.3552162849872778
2.3555273189326558
2.3555837563451782
2.355640050697085
2.3559493670886074
2.3557522123893806
2.355681818181818
2.355611601513241
2.3570528967254405
2.3579874213836476
2.3585427135678394
2.359598494353827
2.3588972431077697
2.360075093867334
2.3605000000000005
2.3615480649188516
2.3643391521197006
2.365130759651308
2.3657960199004977
2.367577639751553
2.368238213399504
2.3702602230483274
2.3695544554455448
2.37008652657602
2.37
2.3700369913686803
2.3706896551724137
2.370356703567036
2.370884520884521
2.3704294478527603
2.370343137254902
2.372215422276622
2.372738386308069
2.372039072039072
2.3719512195121952
2.3711327649208283
2.3698296836982964
2.3710814094775214
2.370752427184466
2.3710303030303033
2.3721549636803876
2.3725513905683195
2.3722222222222222
2.3735826296743063
2.3742168674698787
2.3746089049338144
2.3741586538461545
2.3758703481392556
2.3769784172661867
2.376287425149701
2.3776315789473683
2.378016726403823
2.3788782816229115
2.3797377830750897
2.3796428571428567
2.3802615933412605
2.380522565320665
2.381138790035587
2.3808056872037913
2.3808284023668635
2.3809692671394798
2.3817001180637543
2.383254716981132
2.3835100117785633
2.383529411764706
2.383666274970623
2.3841549295774653
2.3854630715123095
2.38559718969555
2.3856140350877193
2.3850467289719623
2.385064177362894
2.3856643356643352
2.386612339930151
2.3867441860465117
2.386527293844367
2.3859628770301624
2.385631517960603
2.384722222222222
2.3854335260115604
2.38568129330254
2.3868512110726643
2.3870967741935485
2.387571921749137
2.3867816091954026
2.3876004592422504
2.3877293577981655
2.387743413516609
2.390617848970252
2.3907428571428566
2.389497716894977
2.3891676168757128
2.3900911161731204
2.3901023890784985
2.3904545454545456
2.391032917139614
2.3913832199546485
2.393091732729332
2.394230769230769
2.395254237288136
2.3953724604966142
2.398083427282976
2.3983108108108104
2.397750281214848
2.397640449438202
2.4004489337822674
2.4035874439461886
2.404927211646137
2.4061521252796423
2.40536312849162
2.406026785714286
2.405908584169454
2.4064587973273945
2.407119021134594
2.4073333333333333
2.408213096559378
2.4084257206208424
2.409745293466224
2.411615044247788
2.412486187845304
2.41280353200883
2.4130099228224915
2.4132158590308372
2.4150715071507154
2.4153846153846157
2.415806805708013
2.4161184210526314
2.417086527929901
2.4179431072210065
2.4189071038251364
2.4189956331877727
2.419629225736096
2.4188453159041394
2.419260065288357
2.4193478260869563
2.4200868621064062
2.421258134490239
2.421560130010834
2.422510822510822
2.4248648648648645
2.4247300215982723
2.4242718446601943
2.42489224137931
2.42508073196986
2.4260215053763443
2.42749731471536
2.428755364806867
2.4287245444801715
2.4291220556745183
2.430802139037433
2.430769230769231
2.4319103521878334
2.4314498933901922
2.4330138445154414
2.4340425531914893
2.4344314558979807
2.4350318471337578
2.4363732767762465
2.4360169491525423
2.436402116402116
2.436257928118393
2.436114044350581
2.436814345991561
2.437723919915701
2.437263157894737
2.437854889589905
2.439705882352941
2.4402938090241344
2.4407756813417194
2.441675392670157
2.4418410041841003
2.4428422152560083
2.443632567849687
2.4454640250260686
2.4454166666666666
2.4457856399583764
2.4452182952182953
2.444652128764278
2.445124481327801
2.445906735751295
2.446894409937888
2.4474663908996894
2.4488636363636367
2.4484004127966976
2.448969072164948
2.448918640576725
2.4497942386831277
2.450256937307297
2.450924024640657
2.4509743589743587
2.4510245901639345
2.450767656090072
2.4514314928425356
2.4522982635342183
2.454795918367347
2.4551478083588174
2.4562118126272914
2.4559511698880976
2.4584349593495936
2.4593908629441628
2.459229208924949
2.459979736575481
2.4612348178137653
2.4624873609706777
2.4625252525252526
2.4624621594349145
2.463508064516129
2.4641490433031223
2.4644869215291747
2.465829145728643
2.4663654618473894
2.466198595787362
2.4670340681362726
2.4670670670670676
2.4664
2.4663336663336666
2.467465069860279
2.4694915254237286
2.4693227091633467
2.4691542288557216
2.46948310139165
2.4708043694141013
2.4713293650793657
2.4713577799801785
2.4715841584158413
2.471513353115727
2.4724308300395252
2.4729516288252715
2.472781065088758
2.474187192118227
2.474704724409449
2.4756145526057027
2.4762278978388994
2.4774288518155054
2.4772549019607846
2.477179236043095
2.47720156555773
2.4772238514174
2.47841796875
2.4786341463414634
2.477972709551657
2.47809152872444
2.478307392996109
2.4799805636540326
2.4794174757281553
2.4788554801163922
2.478779069767442
2.480735721200387
2.4809477756286267
2.4811594202898553
2.480501930501931
2.480327868852459
2.479768786127168
2.479788257940327
2.479326923076923
2.479250720461095
2.480326295585413
2.480824544582934
2.4817049808429124
2.4828708133971293
2.4830783938814536
2.4835721107927413
2.4837786259541987
2.4853193517635845
2.486190476190476
2.485918173168411
2.4872623574144486
2.488509021842355
2.489278937381404
2.489289099526066
2.4900568181818183
2.4902554399243138
2.489886578449906
2.4895184135977337
2.4899999999999998
2.490103675777568
2.491148775894538
2.4916274694261524
2.4917293233082707
2.492957746478874
2.4929643527204504
2.493158388003749
2.4930711610486886
2.493171188026193
2.492710280373832
2.4936507936507932
2.4940298507462693
2.494594594594594
2.495903165735568
2.4961860465116277
2.496747211895911
2.496935933147632
2.4982374768089057
2.497868396663578
2.4985185185185186
2.4985198889916744
2.4984288354898334
2.49870729455217
2.4988929889298896
2.498617511520737
2.5002762430939223
2.500919963201472
2.502665441176471
2.503122130394858
2.503119266055046
2.5035747021081582
2.5048534798534794
2.505580969807868
2.5059414990859232
2.5062100456621
2.5061131386861315
2.507110300820419
2.5070127504553734
2.50673339399454
2.506
2.5068119891008176
2.506261343012704
2.5071622846781505
2.50679347826087
2.5088687782805428
2.5102169981916815
2.510207768744354
2.5102888086642605
2.5110910730387737
2.512252252252252
2.511971197119712
2.512320143884892
2.5125786163522013
2.513644524236984
2.5134529147982065
2.514068100358423
2.5147717099373326
2.514490161001789
2.5135835567470957
2.5153571428571424
2.5163247100802852
2.516488413547237
2.5174532502226183
2.518683274021352
2.518577777777778
2.519182948490231
2.518811002661934
2.5195921985815604
2.5197519929140832
2.519469026548673
2.519628647214854
2.5193462897526504
2.520476610767873
2.52010582010582
2.520616740088106
2.5209507042253523
2.521635883905013
2.5225834797891036
2.5238805970149256
2.5237719298245613
2.5244522348816822
2.524781085814361
2.5247594050743656
2.525174825174825
2.524890829694323
2.5248691099476437
2.5257192676547513
2.5255226480836237
2.5266318537859007
2.526869565217391
2.5268462206776716
2.5264756944444446
2.52671292281006
2.5260831889081454
2.527012987012987
2.5277681660899654
2.5275713050993946
2.528411053540587
2.528213977566868
2.5290517241379313
2.5290267011197245
2.5296041308089503
2.530868443680138
2.5304982817869415
2.5301287553648066
2.530017152658662
2.5304198800342763
2.53013698630137
2.5335329341317365
2.5327350427350424
2.5333048676345005
2.5330204778156995
2.5329923273657293
2.5333049403747867
2.5333617021276593
2.533248299319728
2.5331350892098556
2.5340407470288624
2.5353689567430027
2.5356779661016953
2.5359864521591873
2.5359560067681897
2.536010143702451
2.5359797297297293
2.5359493670886075
2.5365092748735245
2.53681550126369
2.5374579124579126
2.5388561816652646
2.5387394957983194
2.5398824517212426
2.53993288590604
2.541324392288349
2.541541038525963
2.5414225941422592
2.541722408026756
2.5425229741019217
2.542904841402337
2.5428690575479562
2.543
2.5434637801831803
2.543926788685524
2.544056525353283
2.543770764119601
2.543900414937759
2.544195688225539
2.5442419221209613
2.5444536423841058
2.5451612903225813
2.5449586776859503
2.5451692815854665
2.5448844884488446
2.5452596867271224
2.546210873146623
2.5461728395061725
2.5455592105263154
2.547986852917009
2.547783251231527
2.5478260869565217
2.547622950819672
2.547829647829648
2.547545008183306
2.5478331970564185
2.547794117647059
2.5489795918367344
2.548531810766721
2.54759576202119
2.547801302931596
2.548901545972335
2.548455284552845
2.5481722177091797
2.5479707792207793
2.548337388483374
2.548298217179903
2.5495546558704456
2.5502427184466017
2.551899757477769
2.552423263327948
2.5520581113801453
2.551612903225806
2.552699435938759
2.552415458937198
2.552212389380531
2.5519292604501613
2.552289156626506
2.551845906902087
2.5516439454691255
2.552403846153846
2.5531625300240193
2.55248
2.5535571542765787
2.553354632587859
2.553711093375898
2.553429027113238
2.5532270916334663
2.5539012738853506
2.5546539379474944
2.5558823529411763
2.555679110405083
2.5561111111111114
2.557018239492466
2.5575277337559426
2.557798891528108
2.5577531645569622
2.5580237154150196
2.5583728278041074
2.559194948697711
2.55891167192429
2.559338061465721
2.559212598425197
2.5594020456333597
2.559198113207547
2.561036920659858
2.5607535321821038
2.560235294117647
2.5603448275862073
2.5620203602192637
2.561658841940532
2.56192337763878
2.563046875
2.5630757220921154
2.5630265210608423
2.5627435697583794
2.562227414330218
2.562645914396887
2.5632192846034214
2.5645687645687643
2.5649844720496895
2.5651667959658653
2.5646511627906974
2.5644461657629742
2.5642414860681115
2.5645784996133023
2.5650695517774347
2.5650965250965254
2.564660493827161
2.5648419429452582
2.564406779661017
2.5642802155504234
2.5643076923076924
2.564873174481168
2.5650537634408606
2.565234075211051
2.564877300613497
2.5662835249042146
2.5670750382848393
2.5670237184391738
2.5672018348623853
2.5679144385026733
2.5684732824427483
2.568726163234173
2.5689024390243906
2.5697638994668695
2.569406392694064
2.5688212927756657
2.568693009118541
2.569324221716021
2.569650986342944
2.5690674753601215
2.5684848484848484
2.5689629068887205
2.5695915279878974
2.5694633408919123
2.569712990936556
2.571094339622642
2.570965309200603
2.571363978899774
2.571310240963855
2.5714823175319785
2.5715037593984964
2.5708489857250187
2.5708708708708707
2.570967741935484
2.5703898050974514
2.570337078651685
2.570134730538922
2.5712041884816754
2.5713751868460393
2.571471247199402
2.5707462686567166
2.5714392244593585
2.57123695976155
2.570960536113179
2.5712053571428575
2.5733085501858737
2.573254086181278
2.573942093541202
2.573367952522255
2.5738324684951817
2.573555555555555
2.573279052553664
2.5740384615384615
2.574353288987435
2.573633677991137
2.573726937269373
2.573967551622419
2.5745762711864404
2.5745949926362295
2.5743193524650474
2.574044117647059
2.5748714180749444
2.574229074889868
2.5739545121056495
2.5741202346041057
2.5748717948717945
2.574670571010249
2.5746891002194587
2.5748538011695907
2.5753104455807154
2.575401459854014
2.5752005835156817
2.5744897959183675
2.574726875455208
2.5744541484716157
2.5743272727272726
2.5754360465116273
2.575744371822803
2.575761973875182
2.5766497461928934
2.57768115942029
2.5780593772628526
2.5777858176555717
2.5782357194504697
2.5777456647398838
2.57942238267148
2.5795093795093793
2.579307858687816
2.579322766570605
2.5799136069114468
2.5807194244604315
2.5805176132278933
2.5801005747126435
2.5802584350323046
2.5807030129124824
2.580143369175627
2.5797994269340974
2.5809591982820335
2.5801859799713878
2.5800571837026447
2.5797857142857143
2.5800142755174873
2.5796005706134095
2.5798289379900217
2.579700854700855
2.5797864768683274
2.58072546230441
2.58045486851457
2.579900568181818
2.580056777856636
2.5796453900709215
2.5804394046775334
2.580028328611898
2.581670205237084
2.5815417256011317
2.582968197879859
2.5827683615819206
2.583627381792519
2.5834978843441467
2.5834390415785764
2.5838028169014082
2.584588318085855
2.5847398030942337
2.5841180604356992
2.5841994382022473
2.5848421052631574
2.584642356241234
2.584863349684653
2.584663865546218
2.5850944716585027
2.584895104895105
2.5849755415793148
2.5854748603351956
2.5863224005582692
2.586401673640167
2.5862020905923346
2.58642061281337
2.586847599164927
2.5870653685674547
2.5877692842251565
2.587777777777778
2.588202637057599
2.5883495145631072
2.589050589050589
2.589819944598338
2.590311418685121
2.58969571230982
2.590048375950242
2.590262430939226
2.5906832298136644
2.5911724137931036
2.5912474155754652
2.591184573002755
2.592154163799037
2.5914718019257217
2.591340206185567
2.591346153846154
2.5922443376801647
2.591838134430727
2.591295407813571
2.5908219178082192
2.591581108829569
2.5926128590971276
2.5927546138072453
2.592554644808743
2.5933105802047782
2.5929740791268756
2.592706203135651
2.5927792915531334
2.593941456773315
2.5936734693877552
2.5938817131203264
2.5935461956521744
2.594161575016972
2.593962008141113
2.593694915254237
2.59349593495935
2.5942450914014894
2.5939106901217857
2.5936443542934415
2.593581081081081
2.5948683322079678
2.5945344129554657
2.594335805799056
2.5944070080862534
2.595892255892256
2.596366083445491
2.5962340282447878
2.596841397849462
2.597515110812626
2.5975838926174495
2.5974513749161634
2.5973190348525472
2.597990622906899
2.597858099062919
2.598327759197325
2.5981283422459898
2.59939879759519
2.599599465954606
2.599733155436958
2.5994
2.600732844770153
2.6009986684420774
2.6006653359946776
2.6002659574468088
2.6005315614617937
2.6009296148738383
2.600597213005972
2.600729442970822
2.6015241882041087
2.600993377483444
2.6007941760423563
2.601058201058201
2.6019167217448773
2.6026420079260237
2.6025082508250827
2.6027704485488123
2.604087013843112
2.6037549407114624
2.6032258064516136
2.602565789473684
2.6030900723208417
2.6032194480946123
2.603020354563362
2.6030839895013127
2.6046557377049178
2.6046526867627784
2.604911591355599
2.6047774869109945
2.6056899934597775
2.6055555555555556
2.6060744611365125
2.606070496083551
2.606914546640574
2.607105606258149
2.606840390879479
2.606770833333333
2.606961613532856
2.6074772431729523
2.607017543859649
2.6069480519480517
2.6070733290071386
2.6071335927367056
2.607582631237848
2.607189119170984
2.6075080906148864
2.607697283311772
2.607821590174532
2.6076873385012918
2.608779857972886
2.608967741935484
2.6088974854932303
2.6091494845360823
2.61017385705087
2.6095881595881596
2.6095819935691322
2.609383033419023
2.6096339113680154
2.609499358151476
2.6103271327774213
2.610384615384615
2.610762331838565
2.6108834827144682
2.6121561100447854
2.611828644501279
2.613035143769968
2.612771392081737
2.612890874282068
2.6126275510204082
2.6132568514977694
2.6130573248407645
2.6128580521960534
2.6126590330788804
2.6128417037507945
2.613151207115629
2.6135238095238096
2.6133883248730965
2.6139505389980977
2.613878326996198
2.6136795440151994
2.613670886075949
2.6142314990512334
2.613590391908976
2.6134554643082755
2.6133207070707067
2.614321766561514
2.6145649432534674
2.6142407057340895
2.6141687657430728
2.614977973568282
2.6156603773584908
2.6154619736015086
2.6151381909547737
2.6160075329566856
2.6164993726474277
2.6163636363636362
2.6164786967418547
2.616906700062618
2.6171464330413015
2.617636022514071
2.6174375
2.618238600874453
2.618039950062422
2.6177791640673744
2.6178304239401493
2.6185046728971964
2.6184931506849316
2.6181705040448042
2.618034825870647
2.6183343691733993
2.6183229813664597
2.618684047175667
2.618424317617866
2.618784872907626
2.618525402726146
2.6185139318885446
2.618316831683168
2.6191713048855907
2.619777503090235
2.619703520691785
2.6190740740740743
2.619247378161629
2.6193588162762027
2.6190388170055448
2.6185960591133
2.62
2.61949569495695
2.619237861094038
2.6189803439803443
2.6194597912829956
2.6192638036809814
2.6192519926425506
2.6189950980392154
2.619902020820575
2.6195838433292535
2.619755351681957
2.619559902200489
2.61979230299328
2.6199633699633704
2.6194020744356314
2.619329268292683
2.6194393662400977
2.618940316686967
2.618685331710286
2.618917274939173
2.618723404255319
2.6184690157958688
2.6182756527018816
2.618264563106796
2.619041843541541
2.6184242424242425
2.617867958812841
2.617493946731235
2.617967332123412
2.6177146311970976
2.617401812688822
2.617391304347826
2.6178032589016293
2.617430639324487
2.617239300783605
2.617650602409639
2.618181818181818
2.6182912154031284
2.6180998196031267
2.618269230769231
2.6181981981981983
2.6184873949579837
2.6185362927414517
2.6180455635491606
2.6187537447573397
2.6187425149700596
2.6184919210053863
2.6186602870813394
2.6188284518828455
2.6188769414575868
2.6191044776119403
2.6185560859188546
2.618664281454979
2.6188319427890345
2.61893984514592
2.61875
2.6193932183224273
2.619262782401903
2.61901366607249
2.6190023752969123
2.6196439169139465
2.6195136417556344
2.61932424422051
2.6191943127962087
2.6197158081705156
2.619408284023669
2.619337670017741
2.6192080378250595
2.61978735971648
2.6198347107438016
2.619705014749262
2.619516509433962
2.619858573954036
2.619729093050648
2.61942319011183
2.619294117647059
2.6203409758965317
2.6205052878965924
2.6204932472108045
2.620657276995305
2.620997067448681
2.621453692848769
2.621734036321031
2.6221896955503516
2.6223522527794034
2.6225146198830407
2.622384570426651
2.622429906542056
2.6231757151196726
2.622870478413069
2.62268221574344
2.6222610722610726
2.6227140361094934
2.622467986030268
2.6221058755090167
2.6222093023255812
2.622893666472981
2.6225319396051106
2.6223447475333717
2.621809744779582
2.6220289855072463
2.622016222479721
2.6221192819918935
2.621990740740741
2.6228455754771542
2.62242774566474
2.6223570190641246
2.622401847575058
2.622446624350837
2.6232410611303343
2.6231700288184436
2.6229262672811062
2.623316062176165
2.6236478711162254
2.6237492811960896
2.6235057471264365
2.6242963813900055
2.6242824339839266
2.624211130235227
2.6236238532110088
2.624412607449856
2.6242840778923253
2.6239839725243277
2.623855835240275
2.6242995997712977
2.6244
2.623872073101085
2.6239155251141555
2.6245864232743865
2.6244583808437856
2.624444444444445
2.6245444191343963
2.624758110415481
2.624800910125143
2.624388857305287
2.624545454545454
2.6253265190232824
2.624971623155505
2.6250709018718092
2.6253968253968254
2.6261189801699714
2.6263873159682904
2.6264855687606112
2.62658371040724
2.6269078575466365
2.6263841807909607
2.626425748164878
2.6262979683972913
2.6270727580372255
2.6271138669673055
2.6268732394366197
2.6268581081081086
2.6275182892515474
2.62755905511811
2.6270376616076443
2.6268539325842695
2.6270634475014036
2.62699214365881
2.6273135165451484
2.6271860986547084
2.628291316526611
2.628107502799552
2.6277000559597092
2.6275167785234896
2.6280603689211857
2.627374301675977
2.627470686767169
2.6274553571428574
2.6278304517568323
2.6273132664437013
2.6280222841225624
2.627672605790646
2.6281023928770173
2.627808676307008
2.628126737076154
2.628444444444445
2.6296501943364796
2.6296337402885683
2.6296173044925126
2.6296008869179603
2.6303047091412743
2.6302325581395354
2.6300498063087994
2.629756637168142
2.629850746268657
2.629889502762431
2.6297625621203755
2.6295253863134658
2.6300055157198012
2.6294377067254686
2.6290358126721762
2.6284140969162992
2.628948816730875
2.6289878987898794
2.628642111050028
2.6290109890109887
2.628940142778693
2.628375411635565
2.6280855732309383
2.6277960526315787
2.6284383561643834
2.6281489594742604
2.6280240831964967
2.6281728665207877
2.6288135593220336
2.629016393442623
2.629000546149645
2.628711790393013
2.6293507910529184
2.6288985823336963
2.6290463215258857
2.628921568627451
2.6293413173652693
2.6292709466811752
2.6286568787384446
2.62820652173913
2.628408473655622
2.6277958740499456
2.6273467173087353
2.627494577006507
2.6274254742547427
2.6275731310942576
2.627504060638874
2.6270021645021644
2.6272038939967546
2.6274594594594594
2.6269584008643974
2.6266198704103667
2.6264975715056664
2.626105717367853
2.6258760107816714
2.6258081896551726
2.6264404954227247
2.625941872981701
2.6257127487896716
2.625752688172043
2.62622246104245
2.6259398496240602
2.625603864734299
2.6253755364806866
2.62627345844504
2.6262593783494106
2.626405998928763
2.6260171306209847
2.6262707330123063
2.626577540106952
2.626509887760556
2.6268162393162395
2.627442605445809
2.6273212379935966
2.6275733333333333
2.6272921108742002
2.6280767181672884
2.6280617678381257
2.6277275146354446
2.6279787234042553
2.6287612971823497
2.6287460148777897
2.628836962294211
2.628927813163482
2.629442970822281
2.629268292682927
2.6298887122416534
2.6296610169491528
2.630227633668608
2.63010582010582
2.6298254891591752
2.629756871035941
2.630322239830956
2.6304118268215415
2.6299208443271773
2.629957805907173
2.6304691618344753
2.6301369863013697
2.6298051606108475
2.629736842105263
2.630194634402946
2.6303364879074658
2.63037309511298
2.63077731092437
2.630971128608924
2.6312172088142707
2.6313581541688515
2.6312368972746327
2.6315872184389733
2.6315706806282724
2.631920460491889
2.632008368200837
2.6320439100888655
2.6322361546499478
2.632271540469974
2.6321503131524002
2.633385498174231
2.633211678832117
2.632985930171965
2.63265625
2.633524206142634
2.633506763787721
2.63328133125325
2.633679833679833
2.634701298701299
2.6347871235721705
2.6347171769590036
2.634699170124481
2.6349922239502335
2.634766839378238
2.6345416882444326
2.634420289855073
2.634712881531299
2.634488107549121
2.6345219638242896
2.6342975206611574
2.6351058337635513
2.6350361197110423
2.6351211964930377
2.635051546391753
2.6354971664090674
2.6354273944387234
2.6357694287184765
2.6352880658436217
2.6354755784061696
2.6355601233299075
2.635336414997432
2.635010266940452
2.6354540790148797
2.6354871794871793
2.63526396719631
2.6351946721311474
2.6362007168458783
2.636131013306039
2.635754475703325
2.6352249488752557
2.6357690342360756
2.635393258426966
2.6354262378764672
2.635204081632653
2.63539010708822
2.6358307849133538
2.635761589403974
2.635794297352342
2.636437659033079
2.6361139369277717
2.635739705134723
2.635772357723577
2.6365159979685115
2.6362436548223345
2.6366818873668185
2.6364604462474643
2.636999493157628
2.6368287740628165
2.637215189873418
2.636993927125506
2.637126960040465
2.6372598584428717
2.63688731682668
2.637020202020202
2.6376072690560326
2.637991927346115
2.637871911245588
2.637701612903226
2.637934508816121
2.6380664652567978
2.6378963261197788
2.63817907444668
2.6391151332327807
2.6393467336683423
2.6390256152687095
2.639006024096386
2.638986452584044
2.63876629889669
2.6388471177944863
2.638577154308617
2.6394591887831744
2.639389389389389
2.639719859929965
2.6393
