1.7
1.6
1.4666666666666666
1.3
1.2600000000000002
1.2166666666666668
1.2142857142857142
1.2
1.1888888888888889
1.14
1.1272727272727272
1.1416666666666666
1.1307692307692307
1.1142857142857143
1.1199999999999999
1.11875
1.1235294117647059
1.1222222222222222
1.1263157894736842
1.1350000000000002
1.1523809523809525
1.15
1.152173913043478
1.1375
1.136
1.126923076923077
1.1333333333333333
1.1357142857142857
1.1379310344827587
1.1333333333333333
1.132258064516129
1.13125
1.1454545454545455
1.1411764705882352
1.1514285714285715
1.1527777777777777
1.154054054054054
1.1473684210526316
1.1564102564102565
1.1475
1.1439024390243901
1.1476190476190478
1.146511627906977
1.1431818181818183
1.1511111111111112
1.1478260869565216
1.151063829787234
1.1458333333333335
1.136734693877551
1.132
1.1294117647058823
1.126923076923077
1.1283018867924528
1.1203703703703702
1.1218181818181818
1.1196428571428572
1.1140350877192984
1.1068965517241378
1.1050847457627118
1.105
1.1
1.1
1.1031746031746033
1.0953125
1.096923076923077
1.0969696969696972
1.1074626865671644
1.1176470588235294
1.117391304347826
1.1214285714285714
1.1211267605633801
1.1263888888888889
1.132876712328767
1.1364864864864865
1.14
1.1473684210526316
1.1532467532467532
1.155128205128205
1.1544303797468352
1.1599999999999997
1.1666666666666665
1.1731707317073172
1.180722891566265
1.1821428571428574
1.1788235294117648
1.1825581395348839
1.1873563218390806
1.1852272727272728
1.2022471910112358
1.198888888888889
1.201098901098901
1.2032608695652176
1.2053763440860217
1.2085106382978723
1.2094736842105263
1.2291666666666665
1.2422680412371132
1.2489795918367346
1.2505050505050506
1.252
1.2564356435643562
1.2598039215686274
1.2718446601941746
1.275
1.278095238095238
1.2858490566037735
1.291588785046729
1.2925925925925927
1.3045871559633029
1.3054545454545452
1.3054054054054054
1.3053571428571427
1.32212389380531
1.3228070175438598
1.3217391304347825
1.3232758620689653
1.3299145299145299
1.3338983050847457
1.3386554621848739
1.3375
1.3487603305785125
1.3491803278688526
1.348780487804878
1.353225806451613
1.3616
1.3603174603174604
1.3574803149606298
1.3578125
1.354263565891473
1.3538461538461537
1.3572519083969465
1.3537878787878788
1.3541353383458645
1.355223880597015
1.3585185185185185
1.3602941176470587
1.3620437956204379
1.3666666666666667
1.3676258992805752
1.375714285714286
1.375886524822695
1.3802816901408448
1.3811188811188813
1.386111111111111
1.3958620689655175
1.3993150684931508
1.4020408163265305
1.4040540540540543
1.4087248322147652
1.41
1.4112582781456955
1.4124999999999999
1.4091503267973855
1.411038961038961
1.407741935483871
1.4076923076923076
1.4063694267515925
1.4088607594936708
1.408805031446541
1.41125
1.4130434782608694
1.417283950617284
1.4202453987730062
1.4213414634146342
1.426666666666667
1.4301204819277107
1.4353293413173653
1.4345238095238095
1.4331360946745562
1.4352941176470586
1.4438596491228068
1.4459302325581396
1.452601156069364
1.4563218390804598
1.46
1.4613636363636362
1.4689265536723166
1.4741573033707867
1.475977653631285
1.4755555555555555
1.4801104972375692
1.4824175824175825
1.4879781420765028
1.4945652173913044
1.5016216216216218
1.4989247311827958
1.5010695187165775
1.5090425531914895
1.5105820105820107
1.507368421052632
1.5104712041884818
1.5140624999999999
1.5176165803108808
1.5175257731958764
1.514871794871795
1.51734693877551
1.516751269035533
1.5151515151515151
1.515075376884422
1.5165000000000002
1.5149253731343284
1.5188118811881188
1.5216748768472905
1.525
1.5258536585365854
1.524757281553398
1.5251207729468597
1.5250000000000001
1.532535885167464
1.5323809523809526
1.5360189573459717
1.541037735849057
1.5394366197183098
1.5369158878504672
1.533953488372093
1.5328703703703703
1.5327188940092167
1.5362385321100918
1.5369863013698628
1.5372727272727276
1.5425339366515838
1.545045045045045
1.5443946188340807
1.5424107142857144
1.544
1.5424778761061948
1.543171806167401
1.5447368421052632
1.5489082969432313
1.5534782608695652
1.5541125541125542
1.5556034482758623
1.5545064377682403
1.555982905982906
1.5548936170212768
1.555084745762712
1.5578059071729957
1.5630252100840336
1.564016736401674
1.56625
1.5676348547717842
1.5702479338842974
1.5736625514403293
1.573360655737705
1.5702040816326532
1.5674796747967479
1.5647773279352228
1.5637096774193548
1.5658634538152612
1.564
1.5689243027888444
1.5722222222222222
1.5739130434782609
1.5744094488188976
1.5784313725490198
1.578125
1.5828793774319068
1.5852713178294575
1.586100386100386
1.5853846153846154
1.5846743295019157
1.587022900763359
1.5866920152091257
1.5856060606060607
1.5875471698113206
1.5879699248120303
1.591385767790262
1.591044776119403
1.592565055762082
1.596666666666667
1.5955719557195573
1.5992647058823528
1.601831501831502
1.6007299270072994
1.6007272727272728
1.604710144927536
1.6057761732851987
1.6064748201438845
1.6032258064516132
1.6078571428571429
1.609252669039146
1.6095744680851063
1.6109540636042403
1.6105633802816903
1.6189473684210527
1.6202797202797203
1.6202090592334493
1.6274305555555557
1.6304498269896193
1.6310344827586207
1.6309278350515464
1.6321917808219175
1.6372013651877133
1.641156462585034
1.6413559322033897
1.6408783783783787
1.639057239057239
1.6453020134228187
1.6464882943143813
1.6496666666666666
1.6564784053156145
1.6559602649006624
1.655115511551155
1.6582236842105265
1.6570491803278693
1.6594771241830064
1.6579804560260587
1.6607142857142854
1.664724919093851
1.6629032258064516
1.671061093247588
1.669871794871795
1.6709265175718848
1.6694267515923567
1.67015873015873
1.6724683544303798
1.6735015772870665
1.6707547169811323
1.670219435736677
1.6696874999999998
1.6707165109034268
1.6714285714285715
1.6743034055727555
1.6790123456790123
1.6849230769230767
1.6883435582822088
1.690519877675841
1.6923780487804876
1.697872340425532
1.6996969696969697
1.7012084592145016
1.703012048192771
1.703003003003003
1.7047904191616765
1.7062686567164178
1.7071428571428573
1.707715133531157
1.7094674556213019
1.7103244837758116
1.7135294117647057
1.715542521994135
1.7178362573099413
1.7166180758017493
1.7209302325581397
1.7194202898550723
1.7222543352601156
1.7285302593659941
1.7295977011494255
1.7318051575931228
1.737142857142857
1.7367521367521366
1.7448863636363636
1.7453257790368273
1.7502824858757058
1.7515492957746477
1.7525280898876403
1.752941176470588
1.7536312849162012
1.7565459610027858
1.7591666666666668
1.7617728531855956
1.762154696132597
1.7650137741046834
1.7662087912087912
1.7720547945205478
1.7715846994535518
1.7743869209809264
1.7766304347826085
1.7791327913279134
1.7854054054054054
1.7889487870619944
1.7884408602150537
1.790348525469169
1.7919786096256682
1.7959999999999998
1.7981382978723406
1.7984084880636604
1.7994708994708994
1.8010554089709765
1.8010526315789472
1.8018372703412073
1.801047120418848
1.802349869451697
1.8033854166666667
1.8062337662337664
1.8069948186528495
1.809560723514212
1.80979381443299
1.8097686375321338
1.8092307692307688
1.810997442455243
1.8137755102040818
1.8145038167938936
1.817005076142132
1.817215189873418
1.8189393939393939
1.8181360201511336
1.8168341708542712
1.8177944862155386
1.81875
1.819201995012469
1.821641791044776
1.8218362282878413
1.8207920792079206
1.8261728395061732
1.8268472906403943
1.8272727272727274
1.8272058823529413
1.827872860635697
1.829268292682927
1.8326034063260341
1.833980582524272
1.8326876513317192
1.8345410628019327
1.836385542168675
1.8387019230769233
1.8393285371702635
1.8411483253588519
1.8410501193317423
1.8395238095238096
1.8387173396674583
1.839336492890995
1.841371158392435
1.8462264150943397
1.8463529411764708
1.847887323943662
1.8505854800936767
1.85
1.8524475524475523
1.8544186046511626
1.85661252900232
1.8578703703703703
1.8625866050808315
1.8665898617511516
1.8696551724137933
1.8678899082568805
1.868192219679634
1.8687214611872147
1.8692482915717537
1.870909090909091
1.8750566893424037
1.8766968325791857
1.8781038374717833
1.8779279279279284
1.882921348314607
1.8834080717488786
1.8859060402684562
1.8872767857142858
1.8870824053452115
1.8917777777777776
1.8933481152993348
1.8942477876106196
1.8953642384105962
1.8958149779735685
1.8973626373626373
1.898245614035088
1.900218818380744
1.9008733624454148
1.9015250544662308
1.9030434782608698
1.9036876355748376
1.9025974025974026
1.9028077753779697
1.9038793103448277
1.9040860215053765
1.903648068669528
1.9019271948608136
1.9023504273504273
1.9023454157782518
1.903404255319149
1.902547770700637
1.904872881355932
1.9061310782241017
1.906751054852321
1.908421052631579
1.9123949579831934
1.9138364779874215
1.9150627615062763
1.9152400835073067
1.9164583333333334
1.9174636174636177
1.9180497925311204
1.9219461697722564
1.9231404958677687
1.9226804123711343
1.925925925925926
1.9254620123203285
1.9280737704918032
1.9298568507157465
1.9308163265306129
1.9323828920570265
1.9341463414634146
1.935294117647059
1.9352226720647772
1.9359595959595957
1.9356854838709676
1.935010060362173
1.9361445783132532
1.9362725450901805
1.9387999999999999
1.944311377245509
1.9452191235059757
1.9467196819085486
1.9496031746031748
1.951287128712871
1.9549407114624509
1.9552268244575939
1.9551181102362203
1.9573673870333987
1.956470588235294
1.9569471624266144
1.95625
1.956140350877193
1.9550583657587548
1.9545631067961164
1.954651162790698
1.9566731141199227
1.9584942084942085
1.9624277456647399
1.9626923076923077
1.9631477927063337
1.96360153256705
1.9623326959847038
1.9631679389312975
1.9674285714285715
1.9686311787072241
1.9721062618595824
1.9721590909090907
1.974102079395085
1.9758490566037736
1.9787193973634654
1.9804511278195487
1.9844277673545967
1.9844569288389509
1.98411214953271
1.9854477611940298
1.9841713221601487
1.9862453531598512
1.986456400742115
1.9883333333333337
1.988539741219963
1.9915129151291509
1.9930018416206263
1.991911764705882
1.991743119266055
1.9935897435897434
1.994149908592322
1.9954379562043794
1.9972677595628414
1.9976363636363637
1.9970961887477316
1.998369565217391
1.9981916817359857
1.9974729241877252
1.9985585585585586
1.9978417266187052
1.9989228007181328
1.9992831541218639
2.001610017889088
2.0026785714285715
2.0057040998217466
2.0065836298932385
2.008170515097691
2.0081560283687945
2.0088495575221237
2.009717314487633
2.0105820105820102
2.0133802816901407
2.012829525483304
2.0126315789473685
2.0138353765323993
2.0143356643356642
2.0132635253054105
2.015331010452962
2.0170434782608697
2.0184027777777773
2.020103986135182
2.0198961937716264
2.0210708117443867
2.0225862068965514
2.0223752151462997
2.024742268041237
2.0234991423670667
2.02208904109589
2.0225641025641026
2.021331058020478
2.0218057921635433
2.0227891156462583
2.02258064516129
2.0228813559322036
2.0228426395939083
2.022804054054054
2.0251264755480607
2.026767676767677
2.0263865546218485
2.0255033557046977
2.02428810720268
2.0254180602006686
2.026043405676127
2.0276666666666667
2.0284525790349415
2.028737541528239
2.031177446102819
2.032119205298013
2.0345454545454547
2.0364686468646864
2.037561779242174
2.039967105263158
2.041215106732348
2.040655737704918
2.040589198036007
2.043137254901961
2.0429037520391513
2.0460912052117264
2.0471544715447156
2.0509740259740257
2.0526742301458674
2.051456310679612
2.0525040387722133
2.0524193548387095
2.054106280193237
2.054180064308682
2.0545746388443016
2.0560897435897436
2.05712
2.0602236421725237
2.0645933014354068
2.0652866242038215
2.0650238473767883
2.065714285714286
2.0649762282091917
2.0667721518987343
2.0666666666666664
2.06782334384858
2.068031496062992
2.0685534591194967
2.0712715855572994
2.0727272727272728
2.073865414710485
2.074375
2.0755070202808112
2.0766355140186916
2.0774494556765166
2.0782608695652174
2.077984496124031
2.081733746130031
2.082225656877898
2.0825617283950617
2.082896764252696
2.083538461538462
2.0840245775729644
2.087116564417178
2.090199081163859
2.0908256880733944
2.091145038167939
2.0926829268292684
2.094063926940639
2.0942249240121584
2.09742033383915
2.0986363636363636
2.099546142208775
2.1018126888217523
2.103921568627451
2.1058734939759036
2.1066165413533833
2.1064564564564567
2.107946026986507
2.1100299401197606
2.11136023916293
2.1122388059701493
2.1147540983606556
2.1148809523809526
2.114264487369985
2.1140949554896142
2.1167407407407413
2.117011834319526
2.1172821270310194
2.119026548672567
2.120471281296023
2.120882352941176
2.1236417033773862
2.125659824046921
2.1265007320644216
2.1274853801169593
2.128613138686131
2.1287172011661806
2.129548762736536
2.12921511627907
2.1319303338171265
2.133768115942029
2.1341534008683065
2.1367052023121387
2.137518037518037
2.137463976945245
2.14
2.1402298850574715
2.1400286944045908
2.141690544412607
2.1419170243204575
2.1420000000000003
2.141940085592011
2.141310541310541
2.1425320056899
2.143465909090909
2.142695035460993
2.144617563739377
2.144413012729844
2.1443502824858762
2.144569816643159
2.143661971830986
2.1459915611814346
2.145505617977528
2.146844319775596
2.1471988795518206
2.1483916083916084
2.1491620111731846
2.1489539748953974
2.1483286908077996
2.1499304589707933
2.150833333333333
2.151733703190014
2.1519390581717452
2.1520055325034577
2.1519337016574585
2.1525517241379313
2.1527548209366394
2.152682255845942
2.1524725274725274
2.1530864197530866
2.1542465753424658
2.1563611491108072
2.1569672131147546
2.1577080491132334
2.1588555858310627
2.1587755102040815
2.1588315217391303
2.159023066485753
2.159349593495935
2.1596752368064953
2.161756756756757
2.162887989203779
2.164959568733154
2.1660834454912514
2.166666666666667
2.16751677852349
2.1698391420911527
2.1700133868808567
2.1723262032085566
2.1736982643524696
2.172933333333333
2.1741677762982694
2.176063829787234
2.1762284196547146
2.179177718832891
2.1811920529801325
2.1822751322751324
2.1830911492734475
2.182585751978892
2.1835309617918313
2.185657894736842
2.1865965834428382
2.187270341207349
2.187418086500655
2.1876963350785337
2.187712418300654
2.187467362924282
2.18748370273794
2.1884114583333334
2.189336801040312
2.19
2.190661478599222
2.1920984455958545
2.19353169469599
2.194186046511628
2.1935483870967745
2.194329896907216
2.1953667953667955
2.196401028277635
2.197175866495507
2.1984615384615385
2.1975672215108832
2.2001278772378514
2.2005108556832695
2.2021683673469385
2.203949044585987
2.205725190839695
2.2078780177890724
2.2074873096446703
2.2083650190114072
2.2094936708860757
2.2102402022756005
2.2103535353535353
2.2098360655737705
2.211460957178841
2.211949685534591
2.2115577889447238
2.2122961104140524
2.2127819548872183
2.2146433041301625
2.21375
2.2158551810237204
2.215461346633416
2.218057285180573
2.2190298507462685
2.2197515527950316
2.2209677419354836
2.2206939281288727
2.2198019801980196
2.2187886279357234
2.2183950617283954
2.2184956843403207
2.217733990147783
2.218081180811809
2.2191646191646193
2.219877300613497
2.2191176470588236
2.2189718482252148
2.2199266503667485
2.220879120879121
2.221951219512195
2.222533495736906
2.22360097323601
2.224179829890644
2.2239077669902914
2.224242424242424
2.223849878934625
2.223458282950424
2.223429951690821
2.224728588661038
2.22578313253012
2.2255114320096268
2.2272836538461536
2.2273709483793516
2.2278177458033572
2.2285029940119765
2.229306220095694
2.229032258064516
2.2299522673031027
2.229916567342074
2.230238095238095
2.232104637336504
2.2320665083135394
2.2325029655990507
2.232345971563981
2.2337278106508878
2.2361702127659577
2.237662337662338
2.237853773584906
2.2379269729093054
2.2382352941176467
2.238777908343126
2.2383802816901404
2.2386869871043378
2.238173302107728
2.23906432748538
2.239018691588785
2.2396732788798137
2.2405594405594407
2.240512223515716
2.2406976744186045
2.2413472706155635
2.241879350348028
2.2422943221320972
2.243287037037037
2.244508670520231
2.2471131639722866
2.248442906574394
2.248617511520737
2.2492520138089755
2.2495402298850578
2.2501722158438575
2.251376146788991
2.251317296678122
2.2517162471395884
2.253485714285714
2.2538812785388127
2.253933865450399
2.254897494305239
2.255062571103527
2.255681818181818
2.2559591373439276
2.257142857142857
2.258437146092865
2.2578054298642534
2.260225988700565
2.260158013544018
2.261443066516347
2.261824324324324
2.2614173228346455
2.261573033707865
2.261167227833895
2.2614349775784754
2.2621500559910412
2.262751677852349
2.2631284916201118
2.2619419642857146
2.2620958751393543
2.2609131403118043
2.2607341490545054
2.2607777777777778
2.261376248612652
2.2608647450110864
2.2604651162790694
2.260287610619469
2.259889502762431
2.259713024282561
2.2598676957001103
2.2592511013215857
2.2592959295929593
2.259010989010989
2.2589462129527993
2.2591008771929824
2.259693318729463
2.2598468271334786
2.261748633879781
2.260807860262009
2.2609596510359866
2.261546840958606
2.2615886833514693
2.2617391304347825
2.262866449511401
2.2627982646420826
2.2633802816901403
2.264177489177489
2.2636756756756755
2.2641468682505392
2.266343042071197
2.2665948275862067
2.267276641550054
2.2686021505376344
2.268313641245972
2.2681330472103007
2.269131832797428
2.2703426124197
2.271336898395722
2.271474358974359
2.270757737459979
2.2706823027718555
2.2711395101171457
2.270957446808511
2.27173219978746
2.2723991507431
2.2724284199363733
2.272775423728814
2.274391534391534
2.2749471458773782
2.27571277719113
2.2762658227848105
2.275974710221285
2.276421052631579
2.277602523659306
2.277626050420168
2.2776495278069255
2.2774633123689725
2.2776963350785344
2.2788702928870292
2.2793103448275867
2.279123173277662
2.279249217935349
2.2796875
2.279916753381894
2.28024948024948
2.2800623052959503
2.279253112033195
2.2787564766839377
2.279606625258799
2.2799379524301964
2.2800619834710742
2.2807017543859653
2.281030927835052
2.2811534500514936
2.28014403292181
2.280267214799589
2.279979466119096
2.2807179487179488
2.2817622950819674
2.2821903787103377
2.2830265848670757
2.282737487231869
2.2846938775510206
2.284913353720693
2.284317718940937
2.286571719226856
2.2867886178861787
2.2875126903553302
2.288032454361055
2.2877406281661603
2.2872469635627533
2.287866531850354
2.2873737373737373
2.287588294651867
2.2893145161290325
2.2889224572004028
2.289235412474849
2.289547738693467
2.289759036144578
2.289468405215647
2.2923847695390784
2.292592592592593
2.2933
2.2947052947052944
2.2971057884231536
2.2982053838484546
2.298605577689243
2.2995024875621892
2.2989065606361825
2.2984111221449854
2.2984126984126982
2.2989098116947475
2.2995049504950495
2.299901088031652
2.300494071146245
2.3016781836130304
2.302859960552268
2.3058128078817735
2.3071850393700783
2.307079646017699
2.3076620825147343
2.307948969578018
2.3084313725490193
2.309304603330068
2.3098825831702543
2.3096774193548386
2.3099609375
2.3109268292682925
2.3115009746588693
2.3115871470301856
2.312548638132296
2.313313896987366
2.3130097087378645
2.3144519883608146
2.315019379844961
2.3155856727976767
2.3156673114119917
2.3161352657004834
2.3160231660231663
2.3168756027000965
2.317437379576108
2.3174205967276227
2.3173076923076925
2.318924111431316
2.319385796545106
2.319654841802493
2.3199233716475094
2.3203827751196178
2.3202676864244745
2.320343839541547
2.3204198473282442
2.320877025738799
2.3208571428571427
2.3204567078972405
2.3205323193916354
2.3207027540360876
2.3212523719165086
2.321706161137441
2.3216856060606057
2.322421948912015
2.32296786389414
2.323607176581681
2.324056603773585
2.3253534401508014
2.325894538606403
2.326716839134525
2.327255639097744
2.327417840375587
2.328236397748593
2.3282099343955016
2.327808988764045
2.327408793264733
2.327570093457944
2.3275443510737626
2.3276119402985076
2.327493010251631
2.3274674115456238
2.3272558139534887
2.3268587360594797
2.3277623026926646
2.329035250463822
2.329286376274328
2.3291666666666666
2.330064754856614
2.329944547134936
2.3301939058171746
2.330073800738007
2.330138248847926
2.3297421731123387
2.33017479300828
2.3295955882352937
2.3299357208448113
2.3299999999999996
2.3305224564619618
2.3310439560439558
2.3330283623055807
2.33254113345521
2.3327853881278537
2.3328467153284675
2.333181403828624
2.3332422586520947
2.3329390354868065
2.334636363636364
2.335240690281563
2.335753176043557
2.3358114233907523
2.3355072463768116
2.3355656108597285
2.3351717902350813
2.335772357723578
2.337003610108303
2.3374211000901712
2.3377477477477475
2.3378937893789375
2.3375899280575543
2.337915543575921
2.3389587073608618
2.340358744394619
2.3417562724014336
2.342524619516562
2.3423076923076924
2.3431635388739944
2.3437499999999996
2.3435325602140944
2.343226381461675
2.3432769367764914
2.344483985765125
2.344888888888889
2.3454706927175843
2.344454303460515
2.345744680851064
2.3458813108945966
2.3468141592920353
2.3466843501326258
2.3464664310954064
2.347043248014122
2.3470017636684304
2.3476651982378853
2.3478873239436617
2.3480211081794193
2.348857644991212
2.349429323968394
2.3490350877192983
2.3497808939526728
2.3498248686514893
2.3500437445319333
2.3496503496503496
2.3498689956331873
2.349999999999999
2.3496948561464692
2.3495644599303134
2.3500435161009574
2.349739130434782
2.3502172024326673
2.3508680555555554
2.351604509973981
2.3512998266897753
2.3520346320346324
2.3519896193771626
2.3521175453759726
2.35259067357513
2.3523727351164796
2.3521551724137932
2.352110249784668
2.3519793459552494
2.3528804815133277
2.35360824742268
2.353648068669528
2.3543739279588336
2.354070265638389
2.353595890410959
2.3538066723695463
2.353931623931624
2.3540563620836887
2.3540102389078497
2.354560954816709
2.3543441226575808
2.354468085106383
2.3540816326530614
2.3541206457094304
2.3540747028862485
2.3541136556403734
2.354576271186441
2.3546994072819647
2.3547377326565146
2.356382079459003
2.35616554054054
2.3562025316455695
2.3556492411467116
2.355181128896377
2.35479797979798
2.3549201009251473
2.355462184873949
2.354911838790932
2.3542785234899326
2.3545683151718357
2.354941373534338
2.355062761506276
2.3543478260869564
2.354970760233918
2.354841402337229
2.3551292743953303
2.3552500000000003
2.355287260616153
2.3556572379367724
2.356525353283458
2.35656146179402
2.3576763485477175
2.3577114427860697
2.359320629660315
2.359105960264901
2.3591397849462368
2.3590909090909085
2.359537572254335
2.3594059405940597
2.35919208573784
2.358731466227348
2.358930041152264
2.359457236842105
2.359572719802794
2.359605911330049
2.3603773584905667
2.359836065573771
2.35978705978706
2.3596563011456633
2.3599345870809487
2.3598856209150325
2.3604897959183675
2.3607667210440457
2.3612876935615317
2.3620521172638433
2.3628152969894223
2.362520325203252
2.362388302193339
2.362987012987013
2.3630981346309814
2.3640194489465154
2.3640485829959514
2.36504854368932
2.3649151172190788
2.3651050080775446
2.364810330912026
2.3645967741935485
2.364464141821112
2.364170692431562
2.364279967819791
2.3642282958199354
2.3659437751004018
2.3657303370786518
2.3661587810745788
2.3665865384615383
2.366773418734988
2.3675200000000003
2.3681055155875304
2.367332268370607
2.367438148443735
2.3677830940988835
2.3682868525896414
2.368630573248408
2.368973747016706
2.3694753577106518
2.369102462271644
2.3687301587301586
2.368754956383822
2.3685419968304275
2.3684877276326204
2.3689082278481015
2.369407114624506
2.3691153238546603
2.3692975532754543
2.3689274447949527
2.369503546099291
2.3698425196850392
2.3704169944925253
2.3705188679245284
2.3718774548311075
2.372291993720565
2.3725490196078427
2.372021943573668
2.371965544244323
2.3719092331768388
2.371383893666928
2.3718749999999997
2.371740827478532
2.3716068642745713
2.3717848791894
2.3718847352024923
2.3716731517509726
2.3721617418351477
2.3727272727272726
2.3727484472049687
2.37377812257564
2.3740310077519373
2.3748257164988376
2.37484520123839
2.375792730085073
2.376352395672334
2.3766795366795366
2.376697530864198
2.376561295296839
2.3768104776579357
2.377290223248653
2.377
2.377017678708686
2.3764208909370206
2.376055257099002
2.376840490797546
2.376704980842912
2.3778713629402755
2.3778882938026014
2.3778287461773697
2.3781512605042017
2.378396946564885
2.3792524790236462
2.380182926829268
2.3805788271134807
2.3807458143074585
2.3808365019011406
2.381382978723404
2.3817767653758546
2.381866464339909
2.381652767247915
2.3817424242424243
2.3820590461771385
2.3833585476550683
2.383824640967498
2.3829305135951664
2.3833962264150945
2.3833333333333337
2.383270535041447
2.383659638554217
2.384800601956358
2.3848872180451126
2.3860255447032306
2.3862612612612613
2.386721680420105
2.3866566716641677
2.3875655430711613
2.3874999999999997
2.3872101720269256
2.3875186846038865
2.3882748319641527
2.388208955223881
2.3900820283370616
2.3917287630402386
2.391362620997766
2.3907738095238096
2.3913011152416357
2.3911589895988112
2.3909428359317
2.3904302670623148
2.391326908821349
2.392444444444444
2.392079940784604
2.391568047337278
2.391574279379157
2.3909158050221566
2.390479704797048
2.3905604719764013
2.390198968312453
2.390353460972018
2.391390728476821
2.391691176470588
2.391917707567965
2.391703377386197
2.3925898752751285
2.3932551319648097
2.393186813186813
2.3930453879941433
2.393855157278712
2.3934941520467836
2.393425858290723
2.393576642335766
2.3936542669584244
2.394533527696793
2.3946831755280407
2.3946870451237263
2.394545454545454
2.394331395348837
2.394625998547567
2.3944121915820027
2.3946337926033356
2.394565217391304
2.394641564083997
2.3952966714905934
2.395733911785973
2.395664739884393
2.3959566787003608
2.395526695526695
2.395169430425379
2.394812680115274
2.395104391648668
2.394964028776978
2.395111430625449
2.3957614942528727
2.3964824120603017
2.3960545193687226
2.396559139784946
2.3964899713467043
2.3966356478167503
2.3962088698140196
2.396211579699786
2.3960714285714286
2.395788722341185
2.395934379457917
2.395723449750535
2.3956552706552707
2.3960854092526693
2.39601706970128
2.3963041933191187
2.396306818181818
2.396309439318666
2.395744680851064
2.3963855421686744
2.396175637393768
2.3959660297239913
2.396393210749646
2.396466431095406
2.396610169491525
2.3971771347918134
2.3969675599435822
2.3966878083157157
2.3972535211267605
2.3969739619985924
2.3966947960618845
2.3968376669009133
2.397261235955056
2.3976140350877193
2.397405329593268
2.3981779957953746
2.397899159663866
2.3979706088173547
2.3977622377622376
2.3990216631726065
2.3993016759776538
2.399441730635031
2.4002789400278943
2.400975609756098
2.400766016713092
2.401670146137787
2.4019471488178032
2.4020847810979844
2.401388888888889
2.402081887578071
2.402357836338419
2.402633402633403
2.4028393351800554
2.403667820069204
2.404979253112033
2.4050449205252247
2.404765193370166
2.4062111801242234
2.4066206896551723
2.4070296347346654
2.40702479338843
2.406882312456985
2.4070839064649237
2.4072164948453607
2.40728021978022
2.4078929306794783
2.408230452674897
2.408087731322824
2.408013698630137
2.4084873374401097
2.408344733242134
2.408475734791524
2.408333333333333
2.4086689419795224
2.4096862210095495
2.40974778459441
2.409673024523161
2.4101429543907416
2.411088435374149
2.41162474507138
2.411684782608696
2.4130346232179223
2.4132293080054272
2.4134237288135596
2.4140243902439025
2.414421123899797
2.4144113667117724
2.4148749154834346
2.4152702702702706
2.4157326130992574
2.415587044534413
2.4165879973027646
2.4171832884097033
2.417845117845118
2.418034993270525
2.418359112306658
2.418951612903226
2.4191403626595025
2.4194630872483223
2.419181757209926
2.4189008042895446
2.4194239785666447
2.4196117804551536
2.4191304347826086
2.419451871657754
2.4197060788243148
2.4192923898531378
2.420280186791194
2.4206
2.420453031312458
2.4203728362183754
2.420359281437126
2.420279255319149
2.4201328903654487
2.4202523240371847
2.4207033842070342
2.420888594164456
2.4210735586481116
2.420794701986755
2.420516214427532
2.4205687830687834
2.4211500330469264
2.421598414795244
2.421254125412541
2.4224934036939314
2.4231377719182596
2.423188405797102
2.422909809084924
2.4228947368421054
2.4232084155161076
2.423718791064389
2.4235718975705844
2.423490813648294
2.4235409836065576
2.4235255570117955
2.4243614931237722
2.42467277486911
2.4251144538914327
2.4252941176470584
2.425473546701502
2.4254569190600526
2.4260273972602744
2.4267926988265973
2.42671009771987
2.426627604166667
2.426870527000651
2.426072821846554
2.4263157894736844
2.426168831168831
2.426022063595068
2.426005188067445
2.4265068049254706
2.42720207253886
2.4285436893203887
2.428848641655886
2.4290239172592107
2.428229974160207
2.428147191736604
2.4279354838709684
2.427530625402966
2.4273840206185566
2.427559562137798
2.4276061776061773
2.4274598070739546
2.428020565552699
2.428066795118818
2.4273427471116817
2.426940346375882
2.4272435897435902
2.4274183215887257
2.4277848911651736
2.4277671145233524
2.4281969309462914
2.428626198083067
2.428927203065134
2.4286534779834072
2.428188775510204
2.42880815806246
2.4290445859872607
2.4291534054742203
2.4291348600508904
2.4293706293706294
2.429669631512071
2.4295873015873015
2.429251269035533
2.429296131896005
2.42915082382763
2.429005699810006
2.4287974683544307
2.429285262492093
2.4297724399494314
2.4295009475679086
2.429734848484849
2.4306624605678233
2.4307061790668345
2.430812854442344
2.431234256926952
2.431340465701699
2.4317610062893085
2.4318667504714018
2.432035175879397
2.432391713747646
2.432810539523212
2.432476489028213
2.432017543859649
2.4321853475266124
2.431914893617021
2.432082551594746
2.432125
2.4322298563397875
2.4327715355805246
2.433125389893949
2.4337281795511223
2.434330218068536
2.434931506849315
2.435096453018046
2.4354477611940304
2.4357364822871355
2.4353416149068328
2.4353196772191184
2.435545905707196
2.435585864848109
2.435749690210657
2.4358513931888544
2.436757425742574
2.43704390847248
2.437206427688505
2.437121680049413
2.4374074074074072
2.4377544725478097
2.4372996300863137
2.43758471965496
2.43743842364532
2.4380923076923073
2.4374538745387455
2.438229870928088
2.438022113022113
2.4381829343155315
2.4379754601226993
2.4381361128142247
2.438112745098039
2.4385180649112064
2.438678090575275
2.4382262996941892
2.4385085574572125
2.438179596823457
2.4382783882783885
2.438071995118975
2.4385365853658536
2.4388177940280316
2.4390986601705236
2.440048691418138
2.439841849148418
2.4397568389057755
2.439732685297691
2.4395264116575595
2.4404126213592234
2.440933899332929
2.440848484848485
2.4411265899454877
2.441222760290557
2.4415003024803386
2.4414752116082226
2.441268882175226
2.4408816425120774
2.4407966203983102
2.4402291917973464
2.4415310427968655
2.4421084337349397
2.4423239012642983
2.4423586040914564
2.442693926638605
2.442427884615385
2.4433033033033036
2.4437575030012004
2.4442711457708457
2.4445443645083933
2.44469742360695
2.4444910179640713
2.4450029922202274
2.445095693779904
2.4453078302450684
2.445101553166069
2.44555223880597
2.445644391408115
2.4460345855694694
2.44564958283671
2.4464562239428234
2.4460714285714285
2.445806067816776
2.4461355529131987
2.446583481877599
2.447149643705463
2.4475964391691396
2.4485765124555163
2.448310610551274
2.4482227488151658
2.4483718176435763
2.4482248520710064
2.449024246008279
2.4489361702127663
2.4493797991730655
2.449763872491145
2.449439528023599
2.4490566037735855
2.449558043606364
2.45017667844523
2.45020600353149
2.4504117647058825
2.45026455026455
2.4495887191539367
2.449911920140928
2.449823943661972
2.4501466275659824
2.450293083235638
2.450322202694786
2.4508196721311477
2.4507899356348744
2.450877192982456
2.4514319111630622
2.4518107476635516
2.45195563339171
2.4523337222870483
2.4523032069970845
2.4525641025641027
2.452999417588818
2.4533760186263094
2.4532286212914487
2.45453488372093
2.455374782103428
2.4556910569105694
2.45623911781776
2.4562064965197217
2.456579710144928
2.456199304750869
2.4569774174869714
2.456423611111111
2.458183921341816
2.45878612716763
2.458578856152513
2.458660508083141
2.4593190998268897
2.4592272202998844
2.4595965417867434
2.4602534562211984
2.4607369027058144
2.4614499424626004
2.4622771707878086
2.462068965517241
2.4631820792647905
2.46308840413318
2.463339070567986
2.4634747706422013
2.463553008595989
2.46397479954181
2.463423010875787
2.463215102974828
2.4630074328187535
2.4630857142857145
2.4632781267846946
2.4627283105022832
2.46343411294923
2.463740022805017
2.463817663817664
2.463610478359909
2.463801935116676
2.4641638225255975
2.4641841955656623
2.465
2.4653038046564446
2.4652099886492618
2.4652297220646626
2.4653061224489794
2.4660623229461756
2.466308040770102
2.466893039049236
2.467647058823529
2.4682306387789708
2.468022598870056
2.46798418972332
2.4683408577878105
2.468640721940214
2.468263810597519
2.4694647887323944
2.469313063063063
2.470287000562746
2.470697412823397
2.470601461495222
2.47123595505618
2.4714766984839978
2.472390572390572
2.4727986539540097
2.4730941704035874
2.4738935574229695
2.473852183650616
2.474146614437605
2.4741610738255035
2.4747344885410842
2.474413407821229
2.4739810161920714
2.474497767857143
2.474790853318461
2.474972129319956
2.4750974930362117
2.475
2.4755703951029497
2.4756395995550613
2.475486381322957
2.475611111111111
2.4766796224319823
2.476637069922308
2.476705490848586
2.4761640798226168
2.4765650969529087
2.4763012181616832
2.4761483121195353
2.4761061946902654
2.475953565505804
2.475690607734807
2.4758144671452236
2.4758830022075053
2.4762824048538334
2.476074972436604
2.4759228650137746
2.475495594713656
2.476114474408365
2.4760176017601756
2.475810885101704
2.475604395604395
2.4757825370675453
2.475740944017563
2.475534832693363
2.4756030701754383
2.4755068493150687
2.4755202628696606
2.475697865353038
2.476203501094092
2.476872607982504
2.477213114754098
2.4769524849808846
2.4769104803493454
2.47670485542826
2.4763358778625952
2.47574931880109
2.475816993464052
2.4763745236799126
2.4764961915125143
2.4765089722675366
2.4768478260869564
2.477838131450299
2.478501628664495
2.478133478024959
2.4779284164859
2.478373983739837
2.478494041170097
2.47877639415268
2.4786796536796536
2.479772850189291
2.480648648648649
2.480821177741761
2.480777537796976
2.4815434430653
2.481715210355987
2.4812398921832886
2.4811961206896553
2.481475498115239
2.4815931108719047
2.4816568047337277
2.4813978494623656
2.481569048898442
2.481954887218045
2.4824476650563607
2.4820815450643776
2.483056300268096
2.4837084673097536
2.484145688269952
2.4842077087794427
2.4842696629213483
2.4844385026737967
2.485515766969535
2.4854166666666666
2.48611852642819
2.486125933831377
2.4857066666666667
2.4862473347547973
2.4861481086840707
2.4858892438764646
2.486003193187866
2.485478723404255
2.4859649122807017
2.485919234856536
2.4856080722251734
2.485934182590234
2.4857294429708223
2.485949098621421
2.485744568097509
2.4855932203389832
2.4858655373213336
2.4852380952380955
2.485087255420413
2.4848308668076116
2.4853671421024828
2.4852692713833155
2.4850659630606855
2.4854957805907167
2.4855561412756986
2.485616438356164
2.4851500789889416
2.4851052631578945
2.485428721725408
2.4856992639327027
2.4862848134524436
2.4859768907563025
2.486246719160105
2.4864113326337884
2.486575773466177
2.486320754716981
2.486589837611315
2.487015706806283
2.4872841444270017
2.487186192468619
2.4877156299006797
2.487408568443051
2.4874673629242823
2.4879958246346554
2.488210745957225
2.4888425443169973
2.4888483585200625
2.4891666666666667
2.4896928682977615
2.490270551508845
2.4906916276651065
2.49043659043659
2.4917922077922077
2.491484942886812
2.4912298910223143
2.491338174273859
2.491912908242613
2.4919170984455956
2.4920248575867427
2.492391304347826
2.492912571132954
2.493174767321613
2.4935400516795867
2.493595041322314
2.4937532266391327
2.4940660474716205
2.49412068076328
2.4946391752577317
2.495775373518805
2.4961894953656025
2.4959855892949045
2.4962448559670785
2.4966580976863755
2.496711202466598
2.4968156137647664
2.4967659137577005
2.497075423293997
2.4970256410256413
2.4969759097898514
2.4974897540983605
2.497900665642601
2.4979529170931425
2.49769820971867
2.4980061349693248
2.4987225344915687
2.498876404494382
2.498928024502297
2.4987755102040814
2.4991330953595106
2.498776758409786
2.498624554253693
2.4982688391038694
2.498575063613232
2.498626653102747
2.498576512455516
2.4983739837398375
2.498476383951244
2.4991370558375636
2.498985286656519
2.4990872210953343
2.499341104916371
2.49918946301925
2.4989873417721524
2.4987348178137654
2.4990389479008597
2.4994438827098078
2.499696816574027
2.499292929292929
2.499394245330641
2.499192734611503
2.499495713565305
2.4996975806451607
2.5001511335012596
2.4999496475327296
2.499798691494715
2.49989939637827
2.500100553041729
2.5002010050251258
2.499949773982923
2.4998995983935743
2.500351229302559
2.500150451354062
2.499949874686717
2.499949899799599
2.499949924887331
2.4995995995995997
2.4994497248624308
2.4991999999999996
