1.5
1.45
1.6333333333333333
1.525
1.44
1.4166666666666665
1.4
1.475
1.4555555555555555
1.47
1.4454545454545455
1.3833333333333333
1.3461538461538463
1.3071428571428572
1.2799999999999998
1.29375
1.311764705882353
1.3222222222222224
1.3210526315789475
1.32
1.3142857142857145
1.3227272727272728
1.3521739130434782
1.3291666666666666
1.3199999999999998
1.3000000000000003
1.288888888888889
1.2964285714285717
1.2931034482758623
1.2733333333333334
1.2806451612903227
1.275
1.2757575757575759
1.2764705882352942
1.2714285714285716
1.2888888888888888
1.2945945945945945
1.276315789473684
1.2692307692307696
1.2625000000000002
1.253658536585366
1.242857142857143
1.2348837209302326
1.2295454545454545
1.2266666666666666
1.2260869565217392
1.2234042553191489
1.2229166666666669
1.2183673469387757
1.228
1.2372549019607844
1.2307692307692306
1.2396226415094342
1.2370370370370372
1.2363636363636363
1.2375000000000003
1.2543859649122808
1.2465517241379307
1.259322033898305
1.2566666666666668
1.2557377049180327
1.261290322580645
1.2634920634920634
1.2609375
1.2769230769230768
1.2727272727272727
1.273134328358209
1.275
1.2739130434782608
1.2857142857142856
1.2816901408450705
1.2805555555555554
1.2794520547945207
1.2743243243243243
1.2786666666666666
1.2842105263157892
1.2896103896103894
1.2871794871794873
1.2962025316455699
1.2937499999999997
1.2925925925925927
1.3121951219512193
1.313253012048193
1.3119047619047621
1.3199999999999998
1.3372093023255813
1.3459770114942526
1.3488636363636364
1.349438202247191
1.3544444444444443
1.3604395604395603
1.366304347826087
1.3827956989247312
1.3819148936170214
1.385263157894737
1.3875
1.3865979381443296
1.3928571428571428
1.404040404040404
1.407
1.4079207920792078
1.4166666666666665
1.4184466019417479
1.4211538461538462
1.4238095238095239
1.4245283018867925
1.4261682242990656
1.4296296296296298
1.430275229357798
1.4336363636363636
1.4369369369369367
1.4410714285714286
1.443362831858407
1.4517543859649122
1.446086956521739
1.4465517241379309
1.447008547008547
1.4525423728813562
1.4554621848739495
1.4533333333333334
1.4545454545454546
1.4598360655737703
1.461788617886179
1.456451612903226
1.4552
1.4531746031746031
1.4543307086614174
1.4625
1.4689922480620152
1.4707692307692308
1.4725190839694657
1.4704545454545457
1.4706766917293232
1.4679104477611942
1.468888888888889
1.4676470588235295
1.4693430656934308
1.471014492753623
1.4719424460431656
1.4721428571428572
1.4709219858156029
1.469718309859155
1.46993006993007
1.4715277777777778
1.475862068965517
1.4787671232876711
1.482312925170068
1.485810810810811
1.4825503355704697
1.4839999999999998
1.4827814569536424
1.4815789473684213
1.4843137254901961
1.4837662337662336
1.487741935483871
1.4955128205128205
1.4987261146496818
1.5018987341772152
1.5119496855345913
1.52
1.5285714285714285
1.5364197530864199
1.5355828220858896
1.5359756097560977
1.5357575757575759
1.536746987951807
1.5407185628742515
1.5416666666666665
1.5514792899408285
1.5570588235294118
1.5619883040935671
1.566860465116279
1.5710982658959536
1.5706896551724139
1.5702857142857143
1.5801136363636363
1.5807909604519774
1.5814606741573036
1.583240223463687
1.5794444444444444
1.581767955801105
1.5873626373626373
1.5918032786885248
1.5918478260869566
1.5956756756756758
1.601075268817204
1.6
1.599468085106383
1.596296296296296
1.5978947368421053
1.597905759162304
1.6
1.6010362694300517
1.6046391752577318
1.6046153846153846
1.6071428571428572
1.6116751269035536
1.6222222222222222
1.6381909547738693
1.643
1.6432835820895524
1.6549504950495053
1.657142857142857
1.6627450980392156
1.662439024390244
1.662135922330097
1.6671497584541064
1.6721153846153847
1.677511961722488
1.678095238095238
1.6800947867298575
1.687264150943396
1.6929577464788732
1.6971962616822431
1.7060465116279069
1.7157407407407406
1.7262672811059907
1.7316513761467889
1.7342465753424658
1.7295454545454547
1.730769230769231
1.7283783783783786
1.731390134529148
1.729017857142857
1.727111111111111
1.7278761061946901
1.7295154185022024
1.7315789473684213
1.7318777292576422
1.7330434782608695
1.737662337662338
1.7379310344827588
1.740343347639485
1.744871794871795
1.7459574468085108
1.7487288135593217
1.7502109704641349
1.7533613445378151
1.7569037656903763
1.7608333333333335
1.761825726141079
1.7648760330578512
1.765432098765432
1.7700819672131147
1.773877551020408
1.7727642276422764
1.7716599190283404
1.7705645161290324
1.7742971887550198
1.7759999999999998
1.7752988047808764
1.778174603174603
1.7794466403162055
1.77992125984252
1.779607843137255
1.78203125
1.7813229571984437
1.7810077519379846
1.7845559845559849
1.7834615384615387
1.7846743295019156
1.7912213740458012
1.79467680608365
1.7958333333333332
1.799622641509434
1.8030075187969925
1.810486891385768
1.8152985074626866
1.820074349442379
1.8274074074074071
1.826937269372694
1.8268382352941177
1.8296703296703298
1.8277372262773723
1.8316363636363637
1.8318840579710145
1.8342960288808665
1.83453237410072
1.8344086021505377
1.8349999999999997
1.8345195729537367
1.831914893617021
1.8332155477031802
1.8309859154929575
1.8301754385964912
1.8325174825174824
1.832404181184669
1.8409722222222222
1.8411764705882352
1.843793103448276
1.8443298969072166
1.8448630136986304
1.8470989761092151
1.8448979591836732
1.8498305084745759
1.8493243243243243
1.8518518518518519
1.8536912751677854
1.851170568561873
1.8573333333333335
1.8561461794019933
1.8599337748344371
1.8594059405940597
1.8634868421052633
1.8639344262295083
1.8656862745098042
1.865472312703583
1.8665584415584415
1.8673139158576053
1.8658064516129034
1.8704180064308684
1.875
1.879552715654952
1.885668789808917
1.886984126984127
1.889240506329114
1.892429022082019
1.8946540880503142
1.8956112852664577
1.8984375
1.9018691588785046
1.9031055900621119
1.9058823529411768
1.9080246913580248
1.908
1.9131901840490797
1.9159021406727832
1.9182926829268294
1.9200607902735563
1.922727272727273
1.9226586102719032
1.9231927710843375
1.923723723723724
1.9221556886227542
1.9214925373134328
1.9232142857142853
1.9219584569732937
1.9227810650887573
1.9221238938053098
1.9264705882352942
1.9299120234604108
1.9339181286549707
1.935276967930029
1.9415697674418602
1.9460869565217394
1.9497109826589594
1.9501440922190203
1.952586206896552
1.9573065902578797
1.9562857142857148
1.957264957264957
1.9585227272727272
1.9651558073654392
1.9675141242937855
1.9704225352112676
1.9688202247191011
1.9733893557422966
1.9695530726256982
1.968802228412256
1.9694444444444443
1.9756232686980613
1.9779005524861877
1.9774104683195592
1.9763736263736262
1.9767123287671233
1.984426229508197
1.9839237057220707
1.9836956521739133
1.9848238482384826
1.985675675675676
1.9862533692722377
1.985483870967742
1.9841823056300272
1.9834224598930479
1.9834666666666663
1.98218085106383
1.9835543766578247
1.9862433862433861
1.9868073878627972
1.9892105263157895
1.9910761154855638
1.9916230366492151
1.9929503916449085
1.9940104166666668
1.9961038961038962
1.9984455958549219
2.002067183462532
2.004639175257732
2.0087403598971725
2.0087179487179485
2.010997442455243
2.0122448979591834
2.013486005089059
2.0126903553299496
2.0139240506329115
2.016161616161616
2.018387909319899
2.0170854271356786
2.0165413533834586
2.01325
2.0154613466334164
2.015671641791045
2.018610421836228
2.020049504950495
2.0199999999999996
2.0206896551724136
2.0223587223587223
2.023529411764706
2.024938875305623
2.0265853658536583
2.028223844282239
2.0308252427184463
2.0317191283292977
2.033333333333333
2.0383132530120482
2.0377403846153848
2.0407673860911273
2.0418660287081343
2.0424821002386637
2.0430952380952383
2.0441805225653207
2.04478672985782
2.0456264775413713
2.048820754716981
2.049176470588235
2.053286384976526
2.053864168618267
2.058177570093458
2.0624708624708625
2.0627906976744184
2.0649651972157774
2.0652777777777773
2.069745958429561
2.074193548387097
2.07448275862069
2.0752293577981646
2.079862700228833
2.0828767123287673
2.082232346241458
2.0829545454545455
2.084580498866213
2.083710407239819
2.08352144469526
2.082657657657658
2.08561797752809
2.086322869955157
2.0856823266219235
2.085714285714286
2.0848552338530064
2.088444444444444
2.08980044345898
2.0911504424778764
2.0938189845474615
2.0947136563876656
2.095384615384615
2.0953947368421053
2.0949671772428884
2.099563318777293
2.0999999999999996
2.1021739130434787
2.101518438177874
2.105627705627706
2.1097192224622026
2.110560344827586
2.1111827956989244
2.114377682403433
2.1160599571734475
2.1162393162393167
2.116417910447761
2.1176595744680853
2.1203821656050956
2.120550847457627
2.1217758985200845
2.1267932489451473
2.129052631578948
2.1321428571428567
2.1327044025157234
2.132008368200837
2.134446764091858
2.137916666666667
2.1388773388773394
2.1385892116182577
2.1403726708074533
2.141115702479339
2.1424742268041235
2.143621399176955
2.147022587268994
2.1473360655737705
2.150715746421268
2.1504081632653063
2.15091649694501
2.1524390243902443
2.1529411764705886
2.1554655870445343
2.155555555555556
2.156653225806452
2.1587525150905433
2.1606425702811243
2.1609218436873747
2.1601999999999997
2.163073852295409
2.1643426294820722
2.1666003976143138
2.167261904761905
2.1675247524752477
2.1683794466403166
2.170611439842209
2.172244094488189
2.17524557956778
2.1766666666666667
2.1786692759295496
2.1767578125
2.1773879142300196
2.179182879377432
2.1799999999999997
2.1810077519379845
2.1816247582205035
2.1814671814671813
2.183044315992293
2.1824999999999997
2.1873320537428027
2.189272030651341
2.190057361376673
2.1904580152671755
2.196952380952381
2.1975285171102663
2.1975332068311197
2.196401515151515
2.1973534971644613
2.197924528301887
2.1984934086629004
2.200187969924812
2.201313320825516
2.201310861423221
2.2035514018691584
2.205970149253731
2.2076350093109864
2.209665427509294
2.2102040816326527
2.2107407407407407
2.2138632162661738
2.217712177121771
2.2204419889502764
2.2204044117647057
2.222385321100918
2.222527472527472
2.225228519195612
2.226459854014599
2.227504553734062
2.2285454545454546
2.228856624319419
2.227536231884058
2.2258589511754066
2.227436823104693
2.2272072072072073
2.227877697841727
2.2285457809694793
2.2299283154121867
2.2323792486583187
2.231607142857143
2.2345811051693407
2.2362989323843414
2.2376554174067493
2.2395390070921986
2.2419469026548673
2.24452296819788
2.246913580246914
2.2466549295774643
2.2488576449912125
2.2503508771929823
2.249211908931699
2.251398601398601
2.2520069808027925
2.2529616724738677
2.2540869565217396
2.2536458333333336
2.2559792027729637
2.2583044982698963
2.2587219343696026
2.2617241379310338
2.2614457831325305
2.2630584192439867
2.265523156089194
2.2642123287671234
2.2639316239316236
2.2650170648464165
2.2664395229982963
2.2659863945578227
2.26553480475382
2.2664406779661017
2.266497461928934
2.2663851351351356
2.2671163575042157
2.2675084175084175
2.270084033613446
2.2713087248322146
2.273869346733668
2.2755852842809365
2.275125208681135
2.276
2.2760399334442596
2.277076411960133
2.2764510779436153
2.276158940397351
2.2788429752066115
2.2782178217821785
2.278747940691928
2.280263157894737
2.2807881773399012
2.2816393442622953
2.281342062193126
2.2802287581699345
2.281566068515498
2.281596091205212
2.2816260162601627
2.281818181818182
2.2805510534846034
2.2833333333333337
2.284006462035541
2.2835483870967743
2.2863123993558774
2.2860128617363347
2.287961476725522
2.2870192307692307
2.2904
2.2910543130990417
2.2904306220095694
2.2921974522292996
2.2928457869634338
2.2936507936507935
2.2931854199683044
2.2938291139240503
2.2960505529225905
2.29589905362776
2.295905511811023
2.297169811320755
2.2992150706436423
2.299686520376176
2.3018779342723006
2.30484375
2.3065522620904835
2.306542056074766
2.3065318818040437
2.306366459627329
2.307286821705426
2.306811145510836
2.3092735703245753
2.3098765432098762
2.3135593220338984
2.315384615384615
2.316743471582181
2.316871165644172
2.31761102603369
2.319418960244648
2.3204580152671754
2.321036585365854
2.3222222222222224
2.322644376899696
2.3233687405159333
2.3246969696969693
2.32874432677761
2.3303625377643504
2.3300150829562596
2.331024096385542
2.3326315789473684
2.333933933933934
2.3346326836581706
2.3345808383233533
2.334678624813154
2.334328358208955
2.3345752608047685
2.3348214285714284
2.335364041604755
2.335014836795252
2.3345185185185184
2.335059171597633
2.3353028064992616
2.33480825958702
2.334315169366716
2.335735294117647
2.3359765051395005
2.337096774193548
2.3373352855051244
2.3375730994152044
2.338248175182482
2.339650145772595
2.33901018922853
2.339389534883721
2.3417997097242376
2.340724637681159
2.3413892908827787
2.3408959537572254
2.3415584415584414
2.3419308357348703
2.343597122302158
2.344252873563218
2.3456241032998566
2.3465616045845272
2.347496423462089
2.347714285714286
2.3490727532097004
2.3497150997151004
2.350355618776671
2.3512784090909093
2.3514893617021277
2.3504249291784705
2.3500707213578504
2.3492937853107345
2.3502115655853317
2.3516901408450708
2.3520393811533054
2.3536516853932583
2.3553997194950913
2.3575630252100845
2.3573426573426572
2.3592178770949723
2.360808926080893
2.3622562674094705
2.3631432545201667
2.3625
2.36380027739251
2.364265927977839
2.363762102351314
2.3635359116022103
2.3641379310344823
2.364049586776859
2.363411279229711
2.3626373626373627
2.3641975308641974
2.362876712328767
2.3621067031463747
2.3632513661202186
2.3637107776261934
2.3619891008174387
2.3613605442176873
2.361548913043478
2.3617367706919943
2.3607046070460704
2.362110960757781
2.3625675675675675
2.363697705802969
2.3645552560646896
2.3651413189771198
2.3638440860215058
2.3655033557046985
2.3659517426273458
2.366265060240964
2.3664438502673795
2.3660881174899866
2.3659999999999997
2.3652463382157123
2.365159574468085
2.365869853917663
2.36604774535809
2.366092715231788
2.36521164021164
2.3647291941875825
2.364511873350924
2.3644268774703554
2.3630263157894738
2.362023653088042
2.3623359580052496
2.363040629095675
2.364397905759162
2.363398692810457
2.3621409921671015
2.3617992177314213
2.3623697916666666
2.363068920676203
2.3644155844155845
2.3645914396887155
2.366450777202073
2.3668822768434667
2.3677002583979325
2.367225806451613
2.36701030927835
2.366924066924067
2.366323907455013
2.366238767650834
2.3661538461538463
2.367221510883483
2.367007672634271
2.3667943805874843
2.366198979591837
2.367515923566879
2.368447837150127
2.369250317662008
2.368527918781726
2.3680608365019014
2.3679746835443045
2.368394437420986
2.3688131313131313
2.3688524590163937
2.369269521410579
2.3693081761006285
2.3689698492462314
2.369385194479297
2.3697994987468674
2.3688360450563204
2.3686249999999998
2.3679151061173536
2.3693266832917708
2.3688667496886673
2.368283582089552
2.367950310559006
2.367245657568238
2.3664188351920687
2.3667079207920794
2.366378244746601
2.365925925925926
2.3663378545006166
2.366871921182266
2.3662976629766295
2.365847665847666
2.3651533742331288
2.3647058823529408
2.364749082007344
2.3644254278728605
2.364468864468864
2.364268292682927
2.3646772228989037
2.3637469586374698
2.3634264884568656
2.362985436893204
2.3626666666666667
2.363075060532688
2.3633615477629992
2.3630434782608694
2.3633293124246078
2.363975903614458
2.363176895306859
2.363581730769231
2.3645858343337336
2.3657074340527577
2.365389221556886
2.367464114832536
2.3661887694145753
2.366587112171838
2.3669845053635283
2.367380952380952
2.3670630202140313
2.3671021377672212
2.3679715302491102
2.3675355450236966
2.3679289940828405
2.368676122931442
2.3694214876033053
2.3692216981132077
2.370671378091873
2.3714117647058823
2.372502937720329
2.3742957746478877
2.374091441969519
2.3741217798594847
2.374619883040936
2.374065420560748
2.3752625437572923
2.375990675990676
2.376484284051222
2.3759302325581397
2.3758420441347274
2.3761020881670536
2.3769409038238702
2.376736111111111
2.3780346820809246
2.3775981524249428
2.3793540945790075
2.3784562211981566
2.3788262370540854
2.3786206896551727
2.3784156142365096
2.3782110091743123
2.3786941580756014
2.3784897025171627
2.378742857142857
2.3802511415525114
2.380501710376283
2.380637813211845
2.3811149032992036
2.381363636363637
2.3818388195232694
2.381972789115646
2.3821064552661384
2.3815610859728507
2.3813559322033897
2.3819413092550787
2.3819616685456593
2.3820945945945944
2.3826771653543304
2.3826966292134832
2.382267115600449
2.38195067264574
2.3816349384098547
2.381096196868009
2.3808938547486034
2.381026785714286
2.3830546265328874
2.383073496659242
2.383092324805339
2.3826666666666663
2.382907880133185
2.3833702882483374
2.383056478405316
2.3844026548672566
2.3848618784530387
2.3850993377483447
2.384785005512679
2.3844713656387664
2.3852585258525854
2.3857142857142857
2.385949506037322
2.3855263157894733
2.3849945235487406
2.3856673960612693
2.3852459016393444
2.3851528384279472
2.385387131952018
2.3844226579520695
2.3853101196953213
2.385108695652174
2.3865363735070577
2.386117136659436
2.386132177681474
2.3873376623376625
2.3875675675675674
2.3876889848812093
2.388025889967637
2.3884698275862073
2.388805166846071
2.388494623655914
2.389258861439312
2.3888412017167386
2.3886387995712757
2.389186295503212
2.389625668449198
2.3898504273504275
2.3903948772678763
2.389765458422175
2.389243876464324
2.38968085106383
2.390116896918172
2.391188959660297
2.391410392364793
2.3918432203389832
2.393227513227513
2.393128964059197
2.3932418162618796
2.393248945147679
2.394836670179136
2.394421052631579
2.394321766561514
2.394117647058824
2.3937040923399793
2.3938155136268344
2.3934031413612566
2.393305439330544
2.393416927899686
2.3933194154488517
2.3938477580813347
2.3935416666666667
2.393444328824142
2.3934511434511436
2.39356178608515
2.3941908713692945
2.3943005181347154
2.3960662525879917
2.396483971044467
2.3963842975206617
2.396800825593395
2.3977319587628867
2.3973223480947476
2.3977366255144035
2.398458376156218
2.3989733059548257
2.399487179487179
2.3991803278688524
2.3994882292732855
2.399079754601227
2.3990806945863126
2.3992857142857145
2.398674821610601
2.3979633401221996
2.39766022380468
2.3983739837398375
2.3987817258883246
2.400101419878296
2.3995947315096253
2.4
2.400505561172902
2.4014141414141412
2.401210898082745
2.4004032258064516
2.400302114803625
2.401307847082495
2.4020100502512567
2.4021084337349397
2.402206619859579
2.402805611222445
2.4035035035035035
2.4037
2.4039960039960038
2.4045908183632734
2.405782652043868
2.4052788844621515
2.406666666666667
2.4069582504970177
2.407149950347567
2.406547619047619
2.406640237859267
2.406831683168317
2.407220573689416
2.4077075098814227
2.407996051332675
2.4081854043392505
2.40807881773399
2.408267716535433
2.4077679449360865
2.4087426326129666
2.4087340529931303
2.4097058823529407
2.409500489715964
2.409491193737769
2.4101661779081134
2.41025390625
2.4114146341463414
2.4115009746588694
2.411489776046738
2.411673151750973
2.412925170068027
2.4128155339805826
2.414839961202716
2.414825581395349
2.414036786060019
2.4140232108317212
2.414299516908213
2.414092664092664
2.414175506268081
2.414836223506744
2.4153994225216557
2.4149038461538463
2.414601344860711
2.4156429942418427
2.415532118887824
2.4154214559386977
2.4154066985645937
2.4150095602294455
2.4154727793696273
2.4153625954198477
2.415061963775024
2.415809523809524
2.4163653663177924
2.4166349809885928
2.41690408357075
2.4169829222011385
2.416872037914692
2.4169507575757576
2.418259224219489
2.4188090737240078
2.419357884796978
2.4191509433962266
2.419698397737983
2.4206214689265533
2.4204139228598307
2.4206766917293234
2.4207511737089202
2.421200750469043
2.4212746016869726
2.4209737827715356
2.4212347988774554
2.4204672897196264
2.420541549953314
2.42080223880597
2.420969245107176
2.4209497206703907
2.422883720930233
2.4227695167286245
2.424419684308264
2.4243970315398884
2.4253012048192777
2.4247222222222224
2.4246068455134133
2.4255083179297596
2.425669436749769
2.425830258302583
2.427373271889401
2.428268876611418
2.428242870285189
2.428400735294118
2.4291092745638196
2.4294495412844035
2.429605866177819
2.430128205128205
2.4303751143641352
2.430895795246801
2.432054794520548
2.4319343065693433
2.4333637192342756
2.43424408014572
2.4345768880800724
2.4337272727272734
2.434241598546776
2.43448275862069
2.4342701722574795
2.4340579710144934
2.4354751131221715
2.4351717902350813
2.435140018066847
2.4348375451263538
2.436158701532912
2.436486486486486
2.436093609360936
2.4366906474820142
2.4370170709793353
2.4367145421903054
2.4361434977578478
2.4367383512544807
2.4367949865711727
2.436314847942755
2.436371760500447
2.4363392857142854
2.4363960749330955
2.4363636363636365
2.4357079252003566
2.43576512455516
2.4362666666666666
2.4361456483126114
2.436379769299024
2.436968085106383
2.437112488928255
2.4369026548672568
2.4371352785145888
2.437102473498233
2.4375992939099733
2.437654320987654
2.436563876651982
2.43705985915493
2.4379947229551453
2.437785588752197
2.437313432835821
2.437105263157895
2.437335670464505
2.4365148861646233
2.436745406824147
2.4370629370629375
2.4379039301310046
2.438219895287958
2.438273757628596
2.438240418118467
2.438468233246301
2.4379130434782605
2.439965247610773
2.4401041666666665
2.439982653946227
2.440901213171577
2.4407792207792207
2.4407439446366785
2.441659464131374
2.4412780656303976
2.442191544434858
2.4424137931034484
2.443669250645995
2.443803786574871
2.4437661220980225
2.4446735395188997
2.4454935622317597
2.445883361921098
2.4457583547557844
2.445633561643836
2.4465355004277165
2.4485470085470085
2.4482493595217765
2.4485494880546073
2.4494458653026427
2.4495741056218057
2.450042553191489
2.4504251700680273
2.4509770603228547
2.4534804753820034
2.45470737913486
2.4550000000000005
2.4551227773073667
2.455668358714044
2.4562130177514794
2.4559966216216216
2.455949367088608
2.456913996627319
2.457203032855939
2.4566498316498313
2.458031959629941
2.4579831932773115
2.45776658270361
2.4579697986577185
2.459262363788768
2.4596314907872694
2.4597489539748953
2.4596153846153848
2.4602339181286554
2.4604340567612684
2.4609674728940782
2.4602500000000003
2.4606994171523735
2.462146422628952
2.4627597672485457
2.463205980066445
2.4643153526970956
2.4644278606965173
2.4637945318972663
2.46432119205298
2.4647642679900743
2.4643801652892563
2.4645747316267546
2.46509900990099
2.465210222588623
2.4652388797364084
2.4652674897119344
2.4650493421052633
2.466392769104355
2.4661740558292284
2.466447908121411
2.4664754098360655
2.467813267813268
2.4670212765957444
2.4669664758789858
2.468218954248366
2.468897959183674
2.4693311582381727
2.4707416462917684
2.4709283387622145
2.47087062652563
2.47130081300813
2.47140536149472
2.4717532467532464
2.4721816707218167
2.471799027552674
2.47165991902834
2.471925566343042
2.47194826192401
2.4721324717285946
2.472074253430186
2.4725806451612904
2.472683319903304
2.473510466988728
2.473129525341915
2.4731511254019294
2.4736546184738955
2.473836276083467
2.474258219727346
2.47411858974359
2.474299439551641
2.47544
2.4751398880895286
2.474920127795527
2.4750199521149243
2.4749601275917064
2.474661354581673
2.473964968152866
2.4743038981702465
2.4742448330683624
2.4749801429706113
2.4752380952380952
2.4755749405233947
2.4765451664025355
2.4759303246239113
2.476107594936709
2.477470355731225
2.4770142180094785
2.4766377269139697
2.476104100946372
2.476674546887313
2.47748031496063
2.477734067663257
2.4775943396226414
2.4776904948939515
2.4770015698587127
2.4765490196078437
2.4763322884012533
2.47752545027408
2.4775430359937403
2.478577013291634
2.478046875
2.4799375487900077
2.4795631825273015
2.480358534684334
2.4802959501557633
2.4809338521400783
2.480793157076205
2.4813519813519815
2.4812888198757763
2.4835531419705195
2.4831007751937983
2.4829589465530595
2.48328173374613
2.4833720030935806
2.4834621329211743
2.4839382239382237
2.483719135802469
2.483808789514263
2.4841294298921417
2.484757505773672
2.485307692307692
2.4857801691006918
2.4859447004608297
2.485725249424405
2.4855828220858895
2.485977011494253
2.4864471669218995
2.4859984697781177
2.4860856269113154
2.487012987012987
2.486412213740458
2.4866514111365374
2.4862804878048785
2.487052551408987
2.486681887366819
2.4866159695817487
2.486322188449848
2.4881548974943053
2.4885432473444613
2.488097043214556
2.488030303030303
2.4891748675246026
2.4891830559757944
2.4892668178382467
2.4892749244712986
2.4911698113207548
2.490874811463047
2.49035418236624
2.4901355421686744
2.4900677200902934
2.4901503759398493
2.490082644628099
2.4900900900900895
2.4906976744186045
2.4905547226386813
2.490112359550562
2.490194610778443
2.490800299177262
2.490881913303438
2.490216579536968
2.489626865671642
2.490007457121551
2.4892697466467952
2.4892032762472076
2.489657738095238
2.490334572490706
2.489673105497771
2.4895322939866373
2.489391691394659
2.4896219421793924
2.4896296296296296
2.4897853441894897
2.4889792899408283
2.4889874353288985
2.4892171344165437
2.488782287822878
2.4888643067846603
2.4892409727339717
2.4890279823269514
2.488888888888889
2.4888970588235297
2.4897134459955916
2.48935389133627
2.4893617021276593
2.4898826979472144
2.4899633699633696
2.489897510980966
2.489685442574982
2.489473684210526
2.490284879474069
2.4902189781021895
2.490444930707513
2.4907434402332362
2.491551347414421
2.491120815138282
2.4911272727272733
2.4915697674418604
2.4920116194626
2.4923802612481856
2.4921682378535173
2.4916666666666667
2.492976104272267
2.4925470332850943
2.4926970354302247
2.4923410404624273
2.492057761732852
2.491774891774892
2.4914924297043983
2.490850144092219
2.4915046796256304
2.4923021582733815
2.492020129403307
2.4918821839080456
2.491529073941134
2.4916068866571015
2.491612903225806
2.4914756446991406
2.4921259842519685
2.4917024320457797
2.491350964974982
2.4915000000000003
2.4923625981441826
2.492510699001426
2.4919458303635067
2.492236467236467
2.493380782918149
2.493172119487909
2.493105899076048
2.493465909090909
2.494960965223563
2.4943262411347518
2.4942593905031893
2.4941218130311613
2.4948336871903756
2.494271570014144
2.49434628975265
2.4935734463276837
2.4938602681721944
2.4936530324400565
2.494009866102889
2.493661971830986
2.4937368050668542
2.4930379746835447
2.493886156008432
2.4948033707865163
2.494666666666667
2.4946002805049092
2.4953048353188505
2.495798319327732
2.496221133659902
2.496363636363636
2.497204751921733
2.497905027932961
2.4987438939288205
2.4988145048814507
2.4992334494773525
2.499233983286908
2.49937369519833
2.500625869262865
2.5
2.500486111111111
2.500555170020819
2.500208044382801
2.4994455994455995
2.4988919667590026
2.4994463667820073
2.499031811894883
2.4994471319972353
2.4994475138121546
2.4998619737750167
2.5
2.4995864920744313
2.4994490358126717
2.499724707501721
2.500206327372765
2.499931271477663
2.500412087912088
2.5006177076183937
2.5008916323731136
2.500685400959562
2.501027397260274
2.5020533880903493
2.5019151846785226
2.5021872863978127
2.502185792349727
2.5025255972696248
2.502455661664393
2.502999318336742
2.5025204359673023
2.5036078965282504
2.5029931972789115
2.5024473147518695
2.5019021739130434
2.502715546503734
2.5026458616010854
2.5027118644067796
2.5026422764227645
2.5033852403520647
2.5035182679296346
2.5030425963488843
2.5027027027027025
2.503173531397704
2.503643724696356
2.504045853000674
2.504177897574124
2.5044444444444443
2.50464333781965
2.5043039677202423
2.5042338709677416
2.5048354600402956
2.5050335570469797
2.50523138832998
2.5052278820375333
2.505559276624246
2.505689424364123
2.505685618729097
2.5054812834224602
2.5063460253841017
2.5056742323097465
2.5054703135423613
2.505066666666667
2.504930046635576
2.5043941411451396
2.504258150365935
2.504654255319149
2.5051162790697674
2.505577689243028
2.5055739880557395
2.5059681697612732
2.50728959575878
2.507880794701987
2.508206485771013
2.5080687830687833
2.508592200925314
2.5081902245706735
2.508976897689769
2.5094327176781
2.5100197758734337
2.510408432147563
2.510006583278473
2.509868421052632
2.5103879026955953
2.5109724047306177
2.5105055810899537
2.510498687664042
2.511081967213115
2.5114023591087813
2.511001964636542
2.51119109947644
2.5121648136036625
2.5115686274509805
2.511430437622469
2.5110966057441253
2.5110893672537506
2.5117992177314212
2.512377850162866
2.512109375
2.5121014964216
2.512418725617685
2.5124106562703052
2.5119480519480515
2.5128487994808566
2.513164721141375
2.513156189241737
2.5137305699481867
2.51411003236246
2.513842173350582
2.5138332255979314
2.5136304909560723
2.5148482892188513
2.5158709677419355
2.5157962604771114
2.5157860824742264
2.5168061815840304
2.5164092664092665
2.515819935691318
2.5162596401028274
2.5166987797045604
2.5166880616174585
2.517703656189865
2.5178205128205127
2.518449711723254
2.518629961587709
2.518809980806142
2.5190537084398974
2.5194888178913737
2.519795657726692
2.520293554562859
2.519897959183673
2.521032504780115
2.5210191082802544
2.521578612348822
2.5220737913486007
2.5225047679593136
2.5221728081321473
2.5218412698412696
2.5217639593908627
2.52289156626506
2.5237008871989866
2.5239392020265994
2.5239873417721514
2.5252371916508545
2.525726927939317
2.525710675931775
2.525315656565657
2.526498422712934
2.526481715006305
2.5265280403276624
2.5265113350125943
2.527186910006294
2.5269182389937104
2.52683846637335
2.5273241206030153
2.5284369114877583
2.528419071518193
2.5277742946708464
2.5285714285714285
2.528804007514089
2.5287859824780976
2.528830519074421
2.5288125
2.5295440349781386
2.52940074906367
2.5289457267623208
2.529177057356608
2.5304049844236762
2.5305105853051058
2.5319850653391414
2.532089552238806
2.5326289620882543
2.532857142857143
2.5328988206083176
2.532692307692307
2.5329820210787353
2.533271375464684
2.5331269349845202
2.5331064356435644
2.5340136054421767
2.533683559950556
2.5336627547869055
2.53358024691358
2.533436150524367
2.533353884093711
2.533148490449784
2.5328201970443347
2.5335384615384617
2.533210332103321
2.5328211432083583
2.5323710073710073
2.532412523020258
2.532638036809816
2.5335990190067443
2.5334558823529414
2.533986527862829
2.534149326805385
2.5341284403669726
2.5338630806845965
2.534270006108735
2.534004884004884
2.5339231238560096
2.5337804878048784
2.5341255332114567
2.534348355663824
2.534692635423007
2.535279805352798
2.536170212765957
2.5360874848116643
2.535640558591378
2.536104368932039
2.536385688295937
2.536666666666666
2.5369473046638396
2.5368038740920094
2.536963097398669
2.537243047158404
2.5370996978851963
2.53713768115942
2.537356668678334
2.5370928829915558
2.5376732971669673
2.537289156626506
2.538350391330524
2.5385078219013235
2.538725195429946
2.538641826923077
2.5394594594594593
2.5394357743097236
2.5389922015596875
2.539388489208633
2.540323547034152
2.5404790419161674
2.5406343506882108
2.5410287081339713
2.5419605499103404
2.5421744324970135
2.542268656716417
2.5421837708830552
2.5429338103756707
2.5428486293206194
2.542644431209053
2.54327380952381
2.5439619274241525
2.5438763376932223
2.543612596553773
2.5438242280285035
2.5444510385756685
2.5451957295373666
2.5461173681090696
2.5455568720379147
2.5458259325044406
2.5456213017751477
2.546067415730337
2.5459219858156024
2.5460720614294154
2.5459858323494684
2.5459587020648966
2.545224056603774
2.5453741897466116
2.5454063604240282
2.5447910535609184
2.5451176470588237
2.5458553791887124
2.5458871915393653
2.545918966529654
2.5458333333333334
2.545982404692082
2.5454865181711606
2.545752782659637
2.5459601873536304
2.546576945582212
2.546549707602339
2.5468731735827
2.546436915887851
2.546935201401051
2.5471411901983663
2.5472303206997085
2.5472610722610725
2.54839836924869
2.54848661233993
2.548342059336824
2.5479651162790695
2.549331783846601
2.5497096399535426
2.5493905977945444
2.5491299303944315
2.5497971014492755
2.5496523754345306
2.5491024898668213
2.548900462962963
2.549624060150376
2.55
2.5496244945118427
2.5494226327944567
2.549798038084247
2.5497693194925026
2.5503170028818443
2.550921658986175
2.5512953367875646
2.551438434982739
2.551466359976998
2.551781609195402
2.5521539345203905
2.55195177956372
2.5524383247274813
2.552408256880734
2.5526647564469913
2.552577319587629
2.5525472238122497
2.552745995423341
2.553173241852487
2.5532
2.5531696173615077
2.5530251141552514
2.553679406731318
2.553477765108324
2.5536752136752137
2.553416856492027
2.553841775754127
2.5534129692832765
2.5535531552018194
2.5535227272727274
2.554060193072118
2.553859250851305
2.5534316505955754
2.552834467120182
2.5528611898016997
2.552321630804077
2.552744765138653
2.5524321266968326
2.552628603730921
2.5518644067796608
2.5518351214003387
2.551636568848758
2.552227862380146
2.5519165727170234
2.551943661971831
2.5519144144144144
2.552335396736072
2.552024746906637
2.551883080382237
2.5516292134831464
2.5523862998315554
2.5517957351290685
2.5518788558609087
2.5515695067264574
2.5521568627450977
2.552295632698768
2.552154448796866
2.5527964205816556
2.5540525433202905
2.553687150837989
2.5534896705750976
2.5533482142857147
2.554266592303402
2.554347826086956
2.554150417827298
2.5542316258351887
2.5555370061213134
2.55567296996663
2.555753196220122
2.5559444444444446
2.5563575791227096
2.5565482796892343
2.557348863006101
2.557317073170732
2.5577839335180057
2.557641196013289
2.5576646375207526
2.557300884955752
2.5587064676616915
2.5582320441988946
2.5583103257868585
2.5581125827814573
2.558687258687258
2.558930540242558
2.55900826446281
2.558920704845815
2.5587231700605395
2.5584158415841585
2.5582737768004398
2.5585164835164838
2.559143327841845
2.5602634467618004
2.5602852441031265
2.560252192982456
2.5603835616438357
2.5601314348302298
2.5613026819923377
2.5614332603938723
2.5621104428649533
2.5618579234972674
2.5622610595303117
2.5624454148471614
2.562629569012548
2.562649945474372
2.562506811989101
2.56285403050109
2.5629831246597714
2.5628944504896625
2.5630777596519847
2.5629347826086954
2.563606735469853
2.5631921824104236
2.563103635377103
2.5635574837310195
2.563631436314363
2.5639219934994584
2.564374661613427
2.5639610389610388
2.5643050297458085
2.563891891891892
2.5644516477579686
2.5644168466522674
2.56492174851592
2.564724919093851
2.5646900269541777
2.5648168103448277
2.565158858373721
2.565123789020452
2.565196342119419
2.5648924731182796
2.565233745298227
2.565091299677766
2.5648953301127215
2.564538626609442
2.564504021447721
2.565005359056806
2.56486341724692
2.5649357601713065
2.565382557517389
2.565133689839572
2.565152324959914
2.5657051282051286
2.5666844634276558
2.5668623265741726
2.566453333333333
2.566204690831557
2.56680873734683
2.5668796592119274
2.5669505055880792
2.567127659574468
2.567198298777246
2.567481402763018
2.567604885820499
2.5674097664543525
2.5683819628647218
2.5682926829268293
2.567938526762056
2.568167372881356
2.5683959767072526
2.5689417989417995
2.5693812797461666
2.5691331923890064
2.570417326994189
2.571224920802534
2.571187335092348
2.5714662447257384
2.571797575118608
2.5714436248682824
2.5714060031595576
2.5717368421052633
2.571646501841136
2.5712407991587805
2.5713084603258016
2.5719012605042013
2.572755905511811
2.5724029380902413
2.5725747246984794
2.5728511530398324
2.5737035096909375
2.573350785340314
2.573469387755102
2.5734309623430964
2.573915316257188
2.5735632183908046
2.573524804177546
2.573434237995824
2.5736567553468963
2.5735140771637126
2.5733715476810834
2.5731770833333334
2.5733992712129097
2.5737252861602498
2.573894955798232
2.5735966735966733
2.5743376623376624
2.574091381100727
2.5737934613388687
2.573858921161826
2.5740798341109383
2.5738341968911915
2.57332988089073
2.572826086956522
2.57268494568029
2.5729576008273005
2.572764857881137
2.572469008264463
2.573102736189985
2.5735294117647056
2.573955647240846
2.573556701030927
2.5741885625966
2.575231719876416
2.5751930005146684
2.575617283950617
2.5755269922879176
2.5755395683453237
2.575141242937853
2.5754106776180694
2.575936377629554
2.576564102564103
2.5762685802152743
2.5760245901639345
2.5762416794674863
2.5765097236438073
2.576726342710997
2.576431492842536
2.5768012263668885
2.577017364657814
2.57687595712098
2.5768367346938774
2.577613462519123
2.577675840978593
2.577738155883851
2.5781059063136462
2.578269720101781
2.5781281790437434
2.5779359430604982
2.577947154471544
2.578263077704418
2.578020304568528
2.5780314561136484
2.577839756592292
2.578053725291434
2.5778622087132725
2.577670886075949
2.5777834008097167
2.578199291856348
2.578058645096056
2.578524507326933
2.578535353535354
2.5794043412417973
2.579465186680121
2.579576399394856
2.579586693548387
2.5797481108312343
2.5792547834843904
2.5793155510820336
2.5789738430583506
2.579638009049774
2.580251256281407
2.5802611752887996
2.580120481927711
2.581083793276467
2.580942828485456
2.5812531328320807
2.5810120240480963
2.581522283425138
2.5815315315315317
2.5818909454727366
2.58155
