1.3
1.0
0.8666666666666668
0.8
0.8
0.9666666666666665
0.9428571428571428
0.8875
0.9111111111111111
0.9100000000000001
0.9454545454545455
1.0
1.053846153846154
1.0642857142857145
1.0866666666666664
1.10625
1.1058823529411765
1.1055555555555556
1.1105263157894736
1.095
1.157142857142857
1.1727272727272726
1.1869565217391305
1.1833333333333331
1.1720000000000002
1.1807692307692306
1.174074074074074
1.1749999999999998
1.1724137931034484
1.1633333333333333
1.164516129032258
1.15625
1.1727272727272726
1.1705882352941175
1.1657142857142857
1.161111111111111
1.1486486486486487
1.1368421052631579
1.1564102564102563
1.1625
1.170731707317073
1.1666666666666665
1.1651162790697676
1.1727272727272726
1.1777777777777778
1.1847826086956519
1.1829787234042553
1.1833333333333331
1.1857142857142855
1.184
1.211764705882353
1.223076923076923
1.2207547169811321
1.2222222222222223
1.229090909090909
1.2357142857142855
1.2333333333333332
1.2258620689655173
1.2322033898305085
1.2466666666666666
1.2540983606557377
1.2467741935483871
1.2492063492063492
1.2625
1.2676923076923077
1.259090909090909
1.2641791044776118
1.2647058823529411
1.2637681159420289
1.27
1.271830985915493
1.276388888888889
1.278082191780822
1.277027027027027
1.2799999999999998
1.288157894736842
1.2922077922077921
1.2884615384615388
1.2810126582278483
1.2850000000000001
1.2864197530864199
1.2890243902439025
1.2891566265060241
1.2940476190476193
1.295294117647059
1.2988372093023255
1.3057471264367815
1.3204545454545455
1.3202247191011236
1.3188888888888892
1.3241758241758244
1.3315217391304348
1.3322580645161288
1.3340425531914892
1.3357894736842104
1.3375
1.3381443298969073
1.346938775510204
1.3464646464646466
1.3479999999999999
1.3534653465346536
1.3549019607843138
1.354368932038835
1.356730769230769
1.36
1.358490566037736
1.3532710280373832
1.3546296296296296
1.3614678899082568
1.3627272727272728
1.3630630630630631
1.3651785714285716
1.3716814159292037
1.3719298245614033
1.3747826086956523
1.3758620689655172
1.3777777777777778
1.3771186440677963
1.380672268907563
1.3866666666666667
1.387603305785124
1.3885245901639345
1.4016260162601624
1.4137096774193547
1.4112000000000002
1.4166666666666667
1.4165354330708662
1.421875
1.4232558139534883
1.4192307692307693
1.4206106870229005
1.4333333333333333
1.4413533834586465
1.4432835820895522
1.4414814814814814
1.4433823529411767
1.440875912408759
1.4405797101449274
1.4482014388489208
1.4564285714285716
1.4666666666666668
1.4697183098591549
1.46993006993007
1.4763888888888885
1.4765517241379311
1.477397260273973
1.4972789115646261
1.5101351351351349
1.5167785234899331
1.5166666666666666
1.5172185430463574
1.5210526315789472
1.5189542483660128
1.516233766233766
1.5161290322580645
1.5153846153846156
1.5140127388535032
1.5132911392405064
1.5157232704402515
1.5162499999999999
1.5248447204968945
1.5302469135802466
1.5337423312883436
1.5347560975609755
1.5375757575757576
1.5403614457831327
1.540119760479042
1.5428571428571427
1.5431952662721893
1.5441176470588236
1.5467836257309941
1.5453488372093025
1.5485549132947978
1.5528735632183905
1.5502857142857143
1.553409090909091
1.5514124293785312
1.548314606741573
1.5491620111731845
1.547222222222222
1.5469613259668507
1.5434065934065935
1.5464480874316942
1.5483695652173914
1.5464864864864865
1.5467741935483872
1.5470588235294118
1.5452127659574468
1.5502645502645502
1.551578947368421
1.5476439790575918
1.5453124999999999
1.5430051813471504
1.541237113402062
1.5389743589743587
1.5403061224489796
1.5426395939086295
1.544949494949495
1.542211055276382
1.5445
1.545273631840796
1.5485148514851486
1.5512315270935961
1.5529411764705885
1.5526829268292681
1.5509708737864076
1.5497584541062803
1.55625
1.5550239234449763
1.5561904761904761
1.556872037914692
1.5566037735849056
1.5572769953051646
1.5570093457943925
1.5576744186046512
1.5537037037037036
1.5566820276497695
1.5642201834862388
1.5639269406392695
1.561818181818182
1.560633484162896
1.5576576576576575
1.5618834080717487
1.5727678571428574
1.5742222222222222
1.5730088495575223
1.575330396475771
1.580701754385965
1.585589519650655
1.5860869565217393
1.5852813852813852
1.585344827586207
1.5871244635193134
1.5931623931623933
1.5970212765957448
1.5991525423728814
1.6
1.6021008403361345
1.600836820083682
1.5991666666666666
1.6004149377593362
1.5987603305785123
1.5987654320987654
1.6028688524590162
1.6036734693877552
1.6052845528455286
1.605668016194332
1.6088709677419355
1.6092369477911646
1.6123999999999998
1.6139442231075694
1.6198412698412699
1.6205533596837944
1.6208661417322836
1.6239215686274509
1.6234375
1.6249027237354086
1.6271317829457366
1.6277992277992275
1.6280769230769234
1.6279693486590037
1.6290076335877863
1.6319391634980989
1.6329545454545458
1.640377358490566
1.6458646616541355
1.647940074906367
1.6518656716417912
1.6524163568773234
1.6566666666666667
1.659409594095941
1.6599264705882355
1.6633699633699635
1.6667883211678833
1.672
1.675724637681159
1.6787003610108304
1.6812949640287769
1.6835125448028674
1.6839285714285714
1.6893238434163702
1.6946808510638296
1.6975265017667844
1.6982394366197184
1.7028070175438597
1.706993006993007
1.710104529616725
1.7111111111111115
1.7141868512110725
1.7144827586206897
1.7185567010309277
1.7246575342465753
1.727986348122867
1.7323129251700677
1.7335593220338983
1.7358108108108106
1.737037037037037
1.7395973154362416
1.7411371237458195
1.7426666666666666
1.7461794019933556
1.7503311258278145
1.7524752475247525
1.7519736842105265
1.7531147540983611
1.7535947712418303
1.7521172638436482
1.7532467532467533
1.7546925566343041
1.7538709677419355
1.7581993569131833
1.7580128205128205
1.760702875399361
1.7640127388535032
1.7657142857142862
1.769303797468354
1.7694006309148265
1.7688679245283019
1.7711598746081503
1.7696874999999999
1.7694704049844237
1.7680124223602482
1.7687306501547986
1.772530864197531
1.7726153846153845
1.7711656441717794
1.7700305810397552
1.7689024390243901
1.7693009118541032
1.7681818181818183
1.7694864048338368
1.769879518072289
1.7735735735735734
1.7724550898203593
1.7785074626865671
1.7803571428571427
1.7845697329376855
1.7837278106508876
1.7852507374631266
1.7844117647058824
1.7809384164222872
1.78187134502924
1.7822157434402333
1.7834302325581397
1.786376811594203
1.7884393063583814
1.7870317002881844
1.7867816091954023
1.7862464183381088
1.7882857142857145
1.7914529914529915
1.794034090909091
1.7963172804532577
1.7980225988700564
1.8005633802816903
1.8022471910112359
1.807563025210084
1.8083798882681568
1.80891364902507
1.8113888888888887
1.81606648199446
1.8162983425414363
1.8190082644628098
1.8197802197802198
1.8191780821917807
1.821311475409836
1.8212534059945504
1.8206521739130437
1.8233062330623304
1.8267567567567569
1.8269541778975742
1.8271505376344088
1.8260053619302947
1.8299465240641708
1.8296000000000003
1.8308510638297875
1.8310344827586207
1.8335978835978834
1.837730870712401
1.8378947368421052
1.8401574803149607
1.842670157068063
1.843603133159269
1.84765625
1.8475324675324676
1.849481865284974
1.8527131782945738
1.8546391752577318
1.8583547557840614
1.8582051282051282
1.8598465473145782
1.8591836734693878
1.8577608142493642
1.8573604060913707
1.8569620253164558
1.8603535353535356
1.8624685138539046
1.8653266331658291
1.8691729323308273
1.8699999999999999
1.8718204488778056
1.8766169154228858
1.877667493796526
1.8809405940594062
1.8866666666666667
1.8886699507389164
1.8896805896805897
1.8904411764705884
1.892665036674817
1.893170731707317
1.8953771289537713
1.8968446601941746
1.9038740920096853
1.9067632850241547
1.906987951807229
1.9079326923076922
1.9100719424460428
1.9105263157894736
1.9162291169451073
1.9147619047619044
1.9173396674584324
1.9184834123222747
1.9179669030732864
1.919575471698113
1.9192941176470586
1.9232394366197183
1.924824355971897
1.9271028037383178
1.9298368298368296
1.9348837209302325
1.9375870069605572
1.939351851851852
1.9401847575057736
1.9403225806451612
1.9425287356321839
1.942889908256881
1.94233409610984
1.945890410958904
1.9489749430523915
1.9477272727272728
1.9487528344671197
1.9497737556561088
1.954176072234763
1.9549549549549554
1.9564044943820225
1.9596412556053813
1.9630872483221473
1.9676339285714284
1.973719376391982
1.9784444444444447
1.982039911308204
1.9838495575221242
1.9898454746136864
1.9929515418502206
1.9997802197802197
2.00109649122807
2.0035010940919036
2.0054585152838427
2.009150326797385
2.0128260869565215
2.0130151843817785
2.02012987012987
2.0246220302375812
2.024568965517241
2.033333333333333
2.0341201716738198
2.0364025695931476
2.0382478632478636
2.0417910447761196
2.0429787234042553
2.0462845010615713
2.046398305084746
2.0454545454545454
2.047679324894515
2.050105263157895
2.0508403361344536
2.0553459119496855
2.059623430962343
2.0588726513569937
2.060833333333333
2.0604989604989608
2.064107883817427
2.0648033126293996
2.064462809917355
2.0655670103092785
2.066872427983539
2.06611909650924
2.0674180327868856
2.0701431492842532
2.0714285714285716
2.0757637474541752
2.0764227642276425
2.076470588235294
2.07834008097166
2.080606060606061
2.079435483870968
2.0798792756539237
2.083132530120482
2.08376753507014
2.0836
2.0830339321357285
2.085258964143426
2.0864811133200796
2.0863095238095237
2.0857425742574263
2.0861660079051383
2.0877712031558184
2.088976377952756
2.088998035363458
2.091176470588235
2.092172211350294
2.093359375
2.0941520467836257
2.095136186770428
2.0980582524271845
2.1013565891472865
2.100967117988395
2.1036679536679537
2.1046242774566473
2.105961538461538
2.1067178502879074
2.106896551724138
2.109751434034417
2.1112595419847326
2.1133333333333333
2.113878326996198
2.115370018975332
2.1160984848484845
2.1206049149338373
2.12
2.123728813559322
2.124812030075188
2.126078799249531
2.1252808988764045
2.1254205607476635
2.1259328358208958
2.125698324022346
2.126765799256505
2.128385899814471
2.1272222222222226
2.129205175600739
2.129889298892989
2.132044198895028
2.1338235294117647
2.135045871559633
2.1371794871794867
2.1382084095063987
2.1383211678832117
2.139162112932605
2.1403636363636362
2.1422867513611616
2.142391304347826
2.1448462929475585
2.148375451263538
2.1493693693693694
2.150539568345324
2.151526032315979
2.1544802867383512
2.1552772808586766
2.1555357142857146
2.1588235294117646
2.1590747330960856
2.158792184724689
2.1601063829787233
2.159115044247788
2.158833922261484
2.1604938271604937
2.1621478873239437
2.1627416520210896
2.1624561403508773
2.1623467600700526
2.163811188811189
2.162129144851658
2.163937282229965
2.164173913043478
2.1663194444444445
2.167590987868284
2.166955017301038
2.1659758203799653
2.1670689655172417
2.169879518072289
2.168384879725086
2.171526586620926
2.171746575342466
2.172649572649573
2.1749146757679183
2.178875638841567
2.179421768707483
2.1813242784380305
2.182033898305085
2.18409475465313
2.1837837837837837
2.1854974704890386
2.1867003367003366
2.1860504201680673
2.186241610738255
2.188442211055276
2.1872909698996654
2.1879799666110182
2.190166666666667
2.1940099833610645
2.1945182724252494
2.1971807628524047
2.1978476821192054
2.2031404958677685
2.2044554455445544
2.2074135090609555
2.212006578947368
2.2133004926108373
2.215737704918033
2.218330605564648
2.218954248366013
2.2189233278955953
2.218403908794788
2.2186991869918704
2.2206168831168833
2.2207455429497567
2.22200647249191
2.222455573505654
2.222096774193548
2.222544283413849
2.22572347266881
2.2256821829855538
2.225480769230769
2.2276800000000003
2.2297124600638982
2.229824561403509
2.229936305732484
2.2308426073131953
2.2312698412698415
2.234548335974644
2.235759493670886
2.2372827804107427
2.239274447949527
2.2407874015748033
2.244182389937107
2.2456828885400313
2.252194357366771
2.2533646322378718
2.2540625000000003
2.2542901716068644
2.25404984423676
2.2541213063763608
2.2546583850931676
2.256124031007752
2.2554179566563466
2.2570324574961362
2.2583333333333337
2.260092449922958
2.262153846153846
2.263594470046083
2.263496932515337
2.262633996937213
2.2648318042813456
2.2642748091603053
2.2660060975609757
2.2662100456621004
2.269908814589665
2.2742033383915023
2.276969696969697
2.2795763993948563
2.280966767371601
2.281598793363499
2.2850903614457834
2.2860150375939847
2.287987987987988
2.287706146926537
2.2874251497005984
2.2902840059790734
2.2898507462686566
2.292399403874814
2.2950892857142855
2.2956909361069835
2.2962908011869434
2.295703703703704
2.2976331360946745
2.297341211225997
2.2994100294985254
2.3014727540500735
2.3020588235294115
2.3048458149779734
2.3048387096774197
2.30497803806735
2.305701754385965
2.3067153284671535
2.306268221574344
2.306986899563319
2.307848837209302
2.3087082728592163
2.3085507246376813
2.3096960926193923
2.3101156069364164
2.30995670995671
2.3129682997118155
2.3141007194244603
2.3142241379310344
2.3152080344332857
2.319484240687679
2.320743919885551
2.3204285714285717
2.3222539229671897
2.3223646723646727
2.3230440967283075
2.3234375000000003
2.3239716312056737
2.325212464589235
2.326166902404526
2.3272598870056496
2.327503526093089
2.3274647887323945
2.3286919831223627
2.330196629213483
2.331977559607293
2.333333333333333
2.333706293706294
2.3350558659217873
2.3350069735006977
2.3366295264623957
2.337134909596662
2.339583333333333
2.3423023578363384
2.343905817174515
2.3456431535269706
2.3482044198895027
2.348689655172414
2.35
2.3500687757909215
2.351785714285714
2.35363511659808
2.355068493150685
2.356361149110807
2.357103825136612
2.35743519781719
2.358991825613079
2.3595918367346944
2.3607336956521743
2.361329715061059
2.3626016260162603
2.3640054127198917
2.364864864864865
2.3655870445344127
2.3675202156334234
2.3675639300134588
2.368279569892473
2.3715436241610743
2.3707774798927614
2.3722891566265063
2.371657754010695
2.3730307076101473
2.3753333333333333
2.3769640479360854
2.377925531914894
2.3791500664010625
2.3795755968169763
2.3817218543046357
2.3830687830687833
2.384808454425363
2.384960422163588
2.3848484848484848
2.3855263157894733
2.3851511169513797
2.387664041994751
2.3879423328964617
2.388219895287958
2.387843137254902
2.387597911227154
2.3877444589308996
2.3871093750000005
2.387386215864759
2.3887012987012985
2.3906614785992213
2.392227979274611
2.3945666235446312
2.39547803617571
2.3949677419354836
2.396005154639175
2.398712998712999
2.399357326478149
2.3997432605905002
2.4012820512820516
2.401408450704225
2.4007672634271104
2.399872286079183
2.400637755102041
2.400891719745223
2.403053435114504
2.4035578144853877
2.4026649746192894
2.402788339670469
2.40240506329114
2.4025284450063213
2.40479797979798
2.405926860025221
2.406926952141058
2.407798742138365
2.4097989949748744
2.4111668757841906
2.413032581453634
2.4127659574468088
2.413875
2.414856429463171
2.415087281795511
2.416064757160647
2.418781094527364
2.4201242236024845
2.4203473945409426
2.420570012391574
2.4198019801980197
2.4205191594561186
2.4216049382716047
2.421948212083847
2.4222906403940883
2.4231242312423125
2.423218673218673
2.4228220858895706
2.4237745098039216
2.4247246022031823
2.425794621026895
2.428083028083028
2.42890243902439
2.4293544457978076
2.4289537712895375
2.429283110571081
2.4296116504854366
2.4313939393939394
2.4317191283292976
2.4321644498186217
2.4326086956521733
2.43437876960193
2.436385542168675
2.436462093862816
2.4356971153846154
2.4361344537815124
2.4374100719424456
2.4370059880239525
2.4375598086124404
2.4389486260454003
2.439260143198091
2.43849821215733
2.4383333333333335
2.4391200951248515
2.438836104513064
2.4385527876631077
2.4402843601895734
2.441301775147929
2.4411347517730495
2.441204250295159
2.443514150943396
2.446643109540636
2.4468235294117644
2.4466509988249117
2.447300469483568
2.448886283704572
2.450351288056206
2.4501754385964913
2.452570093457944
2.4532088681446913
2.4541958041958045
2.457275902211874
2.457209302325581
2.4593495934959346
2.4609048723897913
2.46234067207416
2.4625
2.4648554913294793
2.466397228637413
2.4680507497116495
2.4700460829493087
2.4719217491369387
2.474252873563218
2.4750861079219293
2.476376146788991
2.4780068728522333
2.4789473684210526
2.4792
2.478767123287671
2.4807297605473204
2.4820045558086563
2.4822525597269625
2.482954545454546
2.485698070374574
2.486281179138322
2.487202718006795
2.487443438914027
2.4880225988700566
2.4900677200902934
2.4909808342728295
2.49222972972973
2.4940382452193477
2.4953932584269665
2.49652076318743
2.4973094170403587
2.5010078387458003
2.5017897091722596
2.502346368715084
2.502232142857143
2.5043478260869567
2.506904231625835
2.5082313681868746
2.5086666666666666
2.5104328523862374
2.511529933481153
2.510520487264673
2.5112831858407083
2.512154696132597
2.511037527593819
2.5103638368246974
2.5101321585903085
2.5106710671067107
2.511758241758242
2.51251372118551
2.513157894736842
2.5170865279299015
2.5176148796498907
2.5192349726775958
2.52085152838428
2.5208287895310795
2.522549019607843
2.5235038084874866
2.5240217391304345
2.525190010857763
2.52765726681128
2.5292524377031422
2.5308441558441555
2.532324324324324
2.533261339092873
2.5331175836030213
2.533728448275862
2.5357373519913886
2.5369892473118276
2.5392051557465085
2.54087982832618
2.5429796355841368
2.544111349036403
2.5444919786096256
2.5447649572649573
2.5452508004268943
2.547761194029851
2.5501597444089454
2.5507446808510643
2.5517534537725823
2.5527600849256897
2.5542948038176037
2.5551906779661016
2.5576719576719578
2.557293868921776
2.5588173178458296
2.559493670886076
2.5601685985247626
2.560526315789474
2.56130389064143
2.560714285714286
2.5623294858342076
2.5622641509433963
2.562198952879581
2.5647489539748953
2.566039707419018
2.568267223382046
2.570907194994786
2.57125
2.572736732570239
2.5737006237006237
2.575077881619938
2.5762448132780085
2.5773056994818653
2.577432712215321
2.5786970010341266
2.580268595041322
2.5804953560371513
2.580618556701031
2.5799176107106074
2.580246913580247
2.5813977389516958
2.5832648870636548
2.5845128205128205
2.5841188524590164
2.5848515864892527
2.5861963190184047
2.586414708886619
2.5877551020408163
2.5871559633027528
2.5871690427698573
2.5876907426246185
2.5871951219512197
2.5874111675126903
2.588235294117647
2.5913880445795336
2.5918016194331988
2.5941354903943377
2.5955555555555554
2.596871846619576
2.596875
2.598690835850957
2.6000000000000005
2.601407035175879
2.603112449799197
2.603610832497492
2.6041082164328655
2.6043043043043044
2.6041000000000003
2.603696303696304
2.602694610778443
2.603788634097707
2.604183266932271
2.6038805970149252
2.6030815109343934
2.6034756703078448
2.603472222222223
2.6033696729435087
2.6056435643564355
2.606231454005935
2.606324110671937
2.606811451135242
2.6073964497041424
2.6076847290640393
2.6077755905511806
2.6080629301868243
2.6069744597249507
2.6070657507360155
2.606960784313725
2.607247796278159
2.606164383561644
2.608015640273705
2.607421875
2.6075121951219513
2.6071150097465887
2.607789678675754
2.6078793774319067
2.608163265306122
2.6078640776699027
2.6074684772065955
2.6084302325581397
2.610067763794773
2.6106382978723404
2.6122705314009664
2.6117760617760615
2.612729026036644
2.612716763005781
2.6128970163618863
2.6130769230769233
2.6140249759846306
2.614971209213052
2.6147651006711405
2.6144636015325675
2.614736842105263
2.6154875717017205
2.6170964660936007
2.6178435114503813
2.617826501429933
2.617809523809524
2.6200761179828733
2.621292775665399
2.6218423551756884
2.6218216318785577
2.622654028436019
2.6232954545454548
2.6234626300851467
2.624007561436673
2.6243626062322947
2.6250000000000004
2.6260131950989627
2.6286252354048965
2.6306679209783637
2.6313909774436093
2.6350234741784035
2.6363039399624766
2.6363636363636362
2.6363295880149815
2.6369504209541623
2.6365420560747665
2.636601307189542
2.638152985074627
2.6386766076421244
2.638733705772812
2.6388837209302327
2.639776951672862
2.63983286908078
2.640352504638219
2.6406858202038923
2.6410185185185187
2.6417206290471786
2.6414972273567465
2.6416435826408127
2.642435424354244
2.642672811059908
2.6424493554327806
2.6431462741490344
2.6429227941176476
2.6438016528925616
2.6438532110091746
2.644087992667278
2.6445054945054944
2.6444647758462945
2.645429616087751
2.6454794520547944
2.645620437956204
2.645852324521422
2.6456284153005463
2.6452229299363053
2.6449999999999996
2.6451407811080836
2.6450090744101638
2.644696282864914
2.644655797101449
2.644072398190045
2.6445750452079566
2.644263775971093
2.6435018050541514
2.6430117222723175
2.6427027027027026
2.643294329432943
2.6426258992805756
2.6423180592991913
2.6428186714542186
2.642242152466367
2.6439964157706095
2.6440465532676813
2.6438282647584974
2.643521000893655
2.644910714285714
2.6455842997323815
2.645900178253119
2.645770258236866
2.645462633451957
2.646044444444444
2.646802841918295
2.6469387755102036
2.6463652482269504
2.647564216120461
2.6472566371681414
2.647391688770999
2.647703180212014
2.6474845542806706
2.647530864197531
2.6473127753303967
2.647975352112676
2.6481970096745817
2.647627416520211
2.647848990342406
2.647105263157895
2.647414548641543
2.6470227670753066
2.6485564304461944
2.648076923076923
2.6491703056768556
2.650349040139616
2.6508282476024414
2.6506097560975608
2.6521322889469103
2.652608695652174
2.652736750651607
2.6535590277777774
2.6538594969644405
2.6532928942807628
2.6526406926406927
2.65242214532872
2.651771823681936
2.652417962003454
2.6528041415012944
2.6533620689655173
2.653488372093023
2.653614457831325
2.652966466036114
2.6526632302405497
2.6527896995708153
2.653859348198971
2.653213367609254
2.6541952054794518
2.6545765611633874
2.655042735042735
2.655935098206661
2.6561433447098977
2.656095481670929
2.656984667802385
2.657191489361702
2.6573979591836734
2.658368734069669
2.6585738539898136
2.6600508905852416
2.660169491525424
2.6615580016934803
2.6619289340101524
2.661707523245985
2.6630067567567566
2.6627004219409285
2.661888701517707
2.6619208087615838
2.6620370370370368
2.6621530698065605
2.6621008403361346
2.6625524769101596
2.661828859060403
2.6622799664710812
2.662562814070352
2.6627615062761505
2.6632107023411367
2.6633249791144533
2.664440734557596
2.6655546288573815
2.6654166666666663
2.6673605328892585
2.6673044925124794
2.6677472984206148
2.668023255813954
2.6691286307053943
2.6697346600331677
2.668765534382767
2.669205298013245
2.669809760132341
2.6702479338842977
2.669859620148638
2.670214521452145
2.6703215169002474
2.6710049423393736
2.670617283950617
2.670970394736842
2.6719802793755134
2.6716748768472907
2.672190319934372
2.6717213114754097
2.6719901719901715
2.6721767594108017
2.6732624693376943
2.67328431372549
2.674204081632653
2.6742251223491027
2.674164629176854
2.673697068403909
2.6740439381611063
2.673739837398374
2.673598700243704
2.6743506493506493
2.6751824817518246
2.6753646677471634
2.6761133603238867
2.676375404530744
2.676394502829426
2.6769789983844907
2.6768361581920908
2.677258064516129
2.6783239323126513
2.678180354267311
2.678037007240547
2.6785369774919614
2.6791164658634536
2.679213483146067
2.679310344827586
2.6795673076923077
2.6817453963170537
2.68152
2.6819344524380497
2.681549520766773
2.681564245810056
2.681897926634769
2.6816733067729084
2.681926751592356
2.682816229116945
2.683147853736089
2.6833200953137406
2.683333333333333
2.684377478191911
2.6849445324881143
2.68479809976247
2.685126582278481
2.685375494071146
2.6860189573459716
2.685793212312549
2.6865930599369086
2.6864460204885736
2.6863779527559055
2.68654602675059
2.686635220125786
2.68688138256088
2.687519623233909
2.687372549019608
2.6878526645768024
2.6884886452623333
2.6891236306729263
2.6888193901485535
2.68859375
2.6886026541764245
2.688533541341654
2.6882307092751363
2.687928348909657
2.6873929961089495
2.6874027993779164
2.6869463869463868
2.6871894409937886
2.687354538401862
2.6865891472868215
2.6865220759101476
2.6858359133126934
2.686388244392885
2.6885625965996907
2.689189189189189
2.6894290123456788
2.690362374710871
2.690292758089368
2.691685912240185
2.692230769230769
2.6923904688701
2.692396313364055
2.693553338449731
2.694401840490798
2.695785440613027
2.6967075038284842
2.6969395562356544
2.697935779816514
2.697937356760886
2.698396946564886
2.6987795575896265
2.6989329268292677
2.6998476770754
2.700228310502283
2.7005323193916353
2.7009878419452886
2.702353834472285
2.7025796661608497
2.702729340409401
2.703030303030303
2.7032551097653292
2.703252647503782
2.7036281179138326
2.7040785498489424
2.704301886792453
2.7036953242835593
2.703918613413715
2.703765060240964
2.7048908954100828
2.705112781954887
2.7044327573253195
2.704954954954955
2.7047261815453862
2.705322338830585
2.7053932584269664
2.7055389221556885
2.706133133881825
2.705530642750374
2.705899925317401
2.706044776119403
2.706040268456376
2.7059612518628913
2.706329113924051
2.705877976190476
2.706840148698885
2.7064635958395242
2.706755753526355
2.7067507418397625
2.708747220163084
2.708444444444444
2.7080680977054037
2.7081360946745563
2.709830007390983
2.709453471196455
2.7095202952029522
2.7093657817109142
2.7095062638172442
2.7092047128129604
2.708830022075055
2.708382352941176
2.708670095518001
2.7087371512481644
2.7088041085840064
2.708724340175953
2.709377289377289
2.7092972181551978
2.7098024871982442
2.7092836257309942
2.7102994886778666
2.710948905109489
2.711670313639679
2.7119533527696795
2.7131099781500363
2.713027656477438
2.713236363636364
2.7138808139534887
2.714596949891068
2.7157474600870826
2.7155184916606236
2.7153623188405804
2.7157132512671973
2.7152677279305357
2.715401301518438
2.714667630057803
2.7141516245487365
2.714357864357864
2.714275414563807
2.7141210374639773
2.7146868250539957
2.715539568345324
2.7150970524802305
2.7148706896551724
2.71608040201005
2.7152797704447633
2.7151971326164874
2.7148280802292266
2.7153901216893344
2.7154506437768235
2.716154395997141
2.716142857142857
2.7162027123483226
2.7161911554921545
2.716179615110478
2.7163817663817666
2.718078291814946
2.717923186344239
2.7178393745557927
2.7173295454545454
2.718168914123492
2.7177304964539006
2.717363571934798
2.71685552407932
2.717480537862704
2.7175388967468175
2.7168904593639573
2.7163135593220344
2.7160903316866625
2.7161495063469676
2.7161381254404513
2.716830985915493
2.718367346938776
2.718213783403656
2.717849613492621
2.7181179775280895
2.7187368421052627
2.7185133239831694
2.71885073580939
2.7187675070028012
2.718964310706788
2.718881118881119
2.718867924528302
2.718435754189944
2.7189811584089325
2.7193165969316597
2.718745644599303
2.719359331476323
2.719972164231037
2.7198191933240614
2.720222376650452
2.7204166666666665
2.7202637057598893
2.720388349514563
2.72002772002772
2.7195290858725767
2.720692041522491
2.7207468879668046
2.720594333102972
2.720718232044199
2.7207729468599036
2.7205517241379313
2.7201929703652654
2.7215564738292013
2.721885753613214
2.721389270976616
2.7210996563573877
2.721016483516484
2.7207275223061087
2.719958847736625
2.7196710075394104
2.7200000000000006
2.720328542094456
2.7200410396716825
2.71989063568011
2.7198770491803272
2.7207508532423206
2.720532060027285
2.7207225630538514
2.7202316076294277
2.7205582028590882
2.719795918367347
2.7191026512576473
2.7186820652173913
2.7191446028513235
2.7189280868385346
2.718847457627119
2.719037940379404
2.718957345971564
2.7192151556156974
2.719337390128465
2.719121621621622
2.7195813639432815
2.718960863697706
2.7180714767363447
2.718598382749326
2.718518518518519
2.7181695827725436
2.7182246133153996
2.7179435483870966
2.718334452652787
2.7181208053691277
2.7181757209926225
2.7176273458445044
2.7181513730743467
2.7184069611780455
2.718929765886288
2.7190508021390376
2.719171676686707
2.7193591455273696
2.7198132088058706
2.719733333333333
2.7205862758161223
2.7201731025299596
2.719827012641384
2.7194148936170217
2.7197342192691027
2.7194555112881806
2.7195089581950898
2.7192307692307693
2.719350563286945
2.719668874172185
2.7197882197220387
2.719510582010582
2.720290812954395
2.7196829590488774
2.719207920792079
2.7193271767810026
2.7203691496374427
2.7210144927536235
2.721461487820935
2.721842105263158
2.722419460880999
2.722207621550591
2.7222586999343403
2.7219160104986875
2.722098360655738
2.722411533420708
2.722200392927308
2.722447643979057
2.723086984957489
2.722875816993464
2.7230568256041807
2.7232375979112273
2.7240052185257664
2.7235984354628426
2.7240390879478826
2.723893229166667
2.7238776837996093
2.7239271781534464
2.7245614035087717
2.725
2.725567813108371
2.7261348897535664
2.727219701879455
2.7277849740932645
2.7278964401294497
2.728137128072445
2.728377504848093
2.7282299741602065
2.7284054228534536
2.728387096774193
2.7288845905867176
2.7288015463917525
2.7292981326464902
2.7301158301158304
2.7309967845659164
2.731298200514139
2.7319203596660238
2.7321566110397946
2.7328415651058373
2.7329487179487177
2.7336963484945547
2.734122919334187
2.734548944337812
2.7345268542199483
2.7348242811501597
2.7346743295019156
2.735481812380345
2.735395408163265
2.7353091140854042
2.7353503184713377
2.7355824315722472
2.7355597964376592
2.7358550540368727
2.7359593392630246
2.7359365079365077
2.736548223350254
2.7372859860494607
2.737515842839037
2.7377454084863837
2.738607594936709
2.7396584440227705
2.7391908975979766
2.739861023373342
2.7398989898989896
2.7398738170347
2.739659520807062
2.739760554505356
2.7398614609571785
2.739836375078666
2.740314465408805
2.7406033940917665
2.7401381909547737
2.740677966101695
2.7415934755332496
2.7417554858934166
2.742105263157895
2.7428929242329367
2.74424280350438
2.7447779862414006
2.74525
2.746346033728919
2.7461922596754054
2.7458515283842795
2.746197007481297
2.7468535825545173
2.7475093399750934
2.747666459240821
2.7476990049751246
2.748850217526414
2.749192546583851
2.7487895716946
2.7483870967741932
2.7492870427774334
2.7499380421313506
2.7512693498452014
2.751670792079208
2.7528138528138526
2.7536464771322624
2.7538604076590487
2.754197530864198
2.756446637877853
2.7562885326757094
2.756069008009858
2.755972906403941
2.7568615384615387
2.7569495694956947
2.7568531038721575
2.7563267813267815
2.7569674647022713
2.7571165644171782
2.7568362967504596
2.7567401960784315
2.757072872014697
2.756793145654835
2.757553516819572
2.758312958435208
2.7593158216249236
2.75940170940171
2.7601586333129955
2.7597560975609756
2.760999390615478
2.7608404384896468
2.761290322580645
2.7614355231143555
2.7613373860182366
2.761300121506683
2.7610200364298727
2.7618325242718447
2.762522741055185
2.7625454545454544
2.7630526953361594
2.76271186440678
2.762431941923775
2.7632406287787186
2.762235649546828
2.76213768115942
2.7617984308992156
2.7613992762364297
2.7611814345991563
2.761024096385542
2.761468994581578
2.761612515042118
2.7613349368610947
2.760877403846154
2.760840840840841
2.7612244897959184
2.761127774445111
2.7610311750599523
2.7613541042540444
2.7611976047904188
2.7614602034709756
2.7611842105263156
2.761685594739988
2.762544802867384
2.7624477611940295
2.7627684964200476
2.76308884913536
2.7634088200238383
2.763728409767719
2.763511904761905
2.7641879833432474
2.7643281807372175
2.7648247177658947
2.7646674584323043
2.76486646884273
2.764709371293001
2.765263781861292
2.76510663507109
2.7656009473060985
2.7656213017751474
2.7654050857480783
2.766016548463357
2.766036621382162
2.7658795749704836
2.766017699115044
2.76627358490566
2.7672952268709485
2.7669611307420494
2.766980576809888
2.7664705882352942
2.7675485008818344
2.767391304347826
2.7672342924251323
2.766901408450704
2.767507331378299
2.7672919109026966
2.767311072056239
2.7674473067915693
2.768344060854301
2.767953216374269
2.7677966101694915
2.7677570093457944
2.768126094570928
2.768203033838973
2.7681049562682216
2.7680069930069933
2.7677344205008736
2.767927823050058
2.768353694008144
2.7681395348837206
2.7679837303893087
2.76794425087108
2.7674405107370865
2.767227378190255
2.7676521739130435
2.7674971031286213
2.767284308048639
2.767592592592593
2.767842683632158
2.7677456647398846
2.7674754477180823
2.7673210161662816
2.7672244662435084
2.7677623990772777
2.7678386167146973
2.768029953917051
2.768048359240069
2.7679516685845797
2.7679125934445086
2.7679310344827583
2.7681792073520963
2.76796785304248
2.76758462421113
2.767603211009175
2.76756446991404
2.767812142038946
2.7681167716084722
2.768077803203661
2.768096054888507
2.7678857142857143
2.767447173043975
2.768036529680365
2.7683399885909865
2.7682440136830104
2.7686039886039886
2.7684510250569474
2.769493454752419
2.7700796359499433
2.7707220011370093
2.7708522727272724
2.7712095400340724
2.77099886492622
2.7709585933068634
2.7707482993197283
2.770878186968839
2.7712344280860703
2.7717034521788344
2.771153846153846
2.771283210853589
2.7713559322033894
2.7712027103331454
2.7706546275395034
2.771404399323181
2.771251409244645
2.771098591549296
2.771114864864865
2.7708497467642093
2.771372328458942
2.771332209106239
2.7710674157303368
2.771869736103313
2.7718294051627383
2.7723499719573748
2.7719730941704035
2.771820728291317
2.772844344904816
2.772523782876329
2.7723713646532437
2.7723868082727785
2.7729050279329606
2.77286432160804
2.772600446428571
2.773006134969325
2.773021181716834
2.7732033426183844
2.774109131403118
2.773734001112966
2.7746941045606226
2.774763757643135
2.774722222222222
2.7754580788450856
2.7752497225305217
2.776039933444259
2.7762749445676276
2.7761218836565096
2.7757475083056478
2.7754842280022136
2.775387168141593
2.7754007739082365
2.7757458563535917
2.7754279403644393
2.7758278145695363
2.775785990071704
2.7759095920617423
2.7761983471074383
2.7763215859030836
2.777325261419923
2.777612761276127
2.7774601429356793
2.7775824175824178
2.777649643053268
2.7778265642151476
2.7781678551837627
2.7786184210526317
2.779013698630137
2.7789704271631983
2.7784345922276956
2.778227571115974
2.778731547293603
2.7786338797814207
2.7784270890223923
2.779148471615721
2.780141843971631
2.781570338058888
2.782343324250681
2.7825708061002183
2.7826347305389225
2.7838955386289443
2.784339314845024
2.78429347826087
2.7843563280825636
2.784744842562432
2.7847531199131845
2.784490238611713
2.78449864498645
2.7849945828819065
2.7846237141310235
2.7845238095238094
2.7850189291508927
2.785027027027027
2.7856293895191784
2.785691144708423
2.785968699406368
2.7853829557713055
2.785121293800539
2.7850754310344827
2.7863220247711364
2.7863832077502693
2.786605701990317
2.7861290322580645
2.786942504030091
2.7870569280343718
2.787010198604402
2.7866952789699573
2.786756032171582
2.786763129689175
2.7866095340117836
2.7860813704496787
2.7863028357410378
2.7871657754010695
2.7873329770176376
2.786698717948718
2.787346502936466
2.787246531483458
2.7865600000000006
2.7862473347547976
2.7863612147043155
2.786261980830671
2.786109632783395
2.7855851063829786
2.78575225943647
2.7852816153028694
2.785130111524164
2.7854033970276006
2.78631299734748
2.7866383881230115
2.786486486486487
2.7868114406779663
2.787030174695606
2.786931216931217
2.7872554204124804
2.786997885835095
2.7875330163761225
2.787645195353749
2.787493403693931
2.787236286919831
2.787664733790195
2.788250790305585
2.7878883622959454
2.788263157894737
2.788637559179379
2.7883806519453214
2.7884393063583817
2.7884453781512604
2.7883464566929135
2.7883525708289616
2.788096486628212
2.7880503144654094
2.7879518072289153
2.7879581151832458
2.787912087912088
2.7888075313807534
2.7891270256142184
2.7898119122257055
2.7900261096605745
2.7903966597077243
2.7909754825247783
2.7910323253388944
2.7905680041688377
2.790885416666667
2.7912545549193126
2.7924037460978144
2.792199687987519
2.7919438669438668
2.7923116883116883
2.7922118380062306
2.792994291645044
2.7940871369294604
2.794608605495075
2.794559585492228
2.794821336095288
2.7949792960662525
2.7956544231764098
2.795966907962771
2.795865633074935
2.7962293388429758
2.7961796592669073
2.796697626418989
2.797576070139247
2.797835051546392
2.798557444616177
2.7985066941297636
2.798558929490479
2.798713991769547
2.7990745501285343
2.799229188078109
2.799280945043657
2.80041067761807
2.8007183170856846
2.800615384615385
2.800205023065095
2.7998975409836064
2.800256016385049
2.800562947799386
2.800358056265985
2.8003578732106336
2.80091977516607
2.8018896833503573
2.801837672281776
2.8018367346938775
2.8024987251402345
2.8024974515800203
2.8021395822720323
2.8021894093686357
2.803715012722646
2.803611393692777
2.8035587188612103
2.8041666666666663
2.804062976130015
2.804010152284264
2.804211060375444
2.8043610547667344
2.8054232133806387
2.8052178318135765
2.8047594936708866
2.8049595141700405
2.8053110773899848
2.8049039433771488
2.8050025265285496
2.805151515151515
2.8056032306915704
2.8052976791120083
2.8052950075642964
2.805594758064516
2.806246851385391
2.8061933534743204
2.806441872169099
2.8061871227364183
2.8068376068376066
2.8069346733668343
2.8069311903566048
2.8070783132530117
2.807526342197692
2.8074222668004016
2.8080200501253136
2.807715430861723
2.808913370055083
2.808858858858859
2.808504252126063
2.8088500000000005
