0.9
0.95
1.1666666666666667
1.425
1.4
1.4
1.4428571428571426
1.4375
1.488888888888889
1.55
1.5909090909090908
1.6
1.6615384615384616
1.65
1.7133333333333334
1.7375
1.7647058823529413
1.8166666666666669
1.8263157894736843
1.83
1.8047619047619048
1.8136363636363637
1.8304347826086957
1.8124999999999996
1.8640000000000003
1.8346153846153848
1.8333333333333335
1.8214285714285712
1.8206896551724134
1.7899999999999998
1.7870967741935484
1.78125
1.7787878787878788
1.758823529411765
1.7685714285714282
1.7611111111111115
1.7486486486486492
1.736842105263158
1.7358974358974355
1.73
1.7390243902439024
1.74047619047619
1.7348837209302328
1.7204545454545457
1.7244444444444444
1.7065217391304348
1.7106382978723402
1.7229166666666669
1.73265306122449
1.7260000000000002
1.7294117647058822
1.725
1.7150943396226412
1.711111111111111
1.721818181818182
1.7071428571428573
1.7070175438596493
1.7
1.6864406779661016
1.6816666666666666
1.6754098360655738
1.6693548387096775
1.6714285714285713
1.6734375
1.672307692307692
1.684848484848485
1.6835820895522389
1.688235294117647
1.6884057971014492
1.7014285714285715
1.7197183098591549
1.7361111111111107
1.7397260273972606
1.7337837837837835
1.7506666666666668
1.7605263157894737
1.7558441558441558
1.755128205128205
1.7708860759493672
1.7725000000000002
1.7790123456790123
1.7878048780487805
1.8168674698795182
1.8297619047619051
1.836470588235294
1.836046511627907
1.828735632183908
1.8386363636363636
1.835955056179775
1.8522222222222222
1.8494505494505493
1.8445652173913043
1.8526881720430108
1.8585106382978722
1.8621052631578945
1.8583333333333332
1.858762886597938
1.854081632653061
1.849494949494949
1.8530000000000002
1.8574257425742573
1.8637254901960787
1.8650485436893203
1.864423076923077
1.874285714285714
1.8745283018867926
1.8710280373831771
1.8694444444444442
1.890825688073394
1.8827272727272728
1.8882882882882885
1.8857142857142857
1.889380530973451
1.882456140350877
1.8817391304347826
1.8862068965517238
1.8897435897435897
1.9093220338983048
1.9092436974789915
1.9183333333333334
1.9264462809917358
1.9377049180327865
1.9414634146341463
1.938709677419355
1.948
1.9460317460317456
1.9456692913385827
1.940625
1.9449612403100776
1.943076923076923
1.9404580152671755
1.9439393939393939
1.9375939849624058
1.9335820895522389
1.9318518518518517
1.9301470588235294
1.9313868613138692
1.9355072463768117
1.9402877697841727
1.9435714285714283
1.9460992907801415
1.9436619718309855
1.9461538461538463
1.9437499999999996
1.9434482758620693
1.9417808219178085
1.9414965986394557
1.9486486486486487
1.9530201342281877
1.9519999999999995
1.9602649006622517
1.9598684210526316
1.9581699346405226
1.95974025974026
1.9587096774193546
1.9583333333333333
1.9605095541401276
1.9715189873417718
1.970440251572327
1.970625
1.973913043478261
1.9685185185185183
1.979754601226994
1.9810975609756096
1.981818181818182
1.9813253012048193
1.9808383233532934
1.9898809523809526
1.996449704142012
2.0005882352941176
1.9964912280701754
1.997674418604651
1.999421965317919
2.0040229885057466
2.0074285714285716
2.005113636363636
2.0107344632768362
2.012921348314607
2.017877094972067
2.0266666666666664
2.0265193370165746
2.0258241758241757
2.025136612021858
2.0266304347826085
2.036756756756757
2.0387096774193547
2.0390374331550802
2.040425531914894
2.0513227513227514
2.0515789473684207
2.0544502617801053
2.0520833333333335
2.0544041450777204
2.05360824742268
2.0533333333333332
2.0535714285714284
2.0558375634517767
2.056060606060606
2.0587939698492463
2.0610000000000004
2.071144278606965
2.0698019801980196
2.069458128078818
2.066176470588235
2.066829268292683
2.066990291262136
2.0681159420289856
2.0682692307692307
2.076555023923445
2.0776190476190477
2.076777251184834
2.0787735849056603
2.078403755868545
2.076168224299065
2.0879069767441862
2.089351851851852
2.0903225806451613
2.094495412844037
2.091780821917808
2.095909090909091
2.1022624434389146
2.098648648648649
2.09865470852018
2.097767857142857
2.095111111111111
2.095132743362832
2.0995594713656387
2.1026315789473684
2.103493449781659
2.109565217391304
2.1082251082251084
2.107327586206896
2.1085836909871243
2.109401709401709
2.1102127659574466
2.108898305084746
2.1130801687763716
2.1117647058823534
2.117991631799163
2.120833333333333
2.1178423236514528
2.115289256198347
2.1164609053497943
2.1192622950819673
2.117142857142857
2.116260162601626
2.115384615384616
2.114516129032258
2.12289156626506
2.1208
2.1199203187250992
2.1202380952380953
2.1209486166007903
2.121259842519685
2.1235294117647063
2.12421875
2.1241245136186775
2.1217054263565895
2.1200772200772198
2.12
2.118007662835249
2.119465648854962
2.122053231939163
2.123484848484848
2.1260377358490565
2.1274436090225564
2.1303370786516846
2.1320895522388064
2.1353159851301116
2.135555555555556
2.1380073800738004
2.139705882352941
2.1402930402930407
2.1456204379562043
2.1450909090909094
2.1471014492753624
2.142960288808664
2.142086330935252
2.1412186379928313
2.1399999999999997
2.140213523131673
2.14822695035461
2.1494699646643105
2.152112676056338
2.1522807017543863
2.1587412587412587
2.159581881533101
2.1642361111111112
2.162975778546713
2.164137931034483
2.1680412371134024
2.170205479452055
2.1744027303754265
2.1727891156462587
2.1735593220338982
2.173310810810811
2.1730639730639734
2.1741610738255033
2.1792642140468232
2.178666666666667
2.1790697674418604
2.182119205298013
2.1861386138613863
2.1855263157894735
2.1875409836065574
2.188888888888889
2.1921824104234533
2.190909090909091
2.188025889967638
2.19483870967742
2.1964630225080386
2.2012820512820515
2.200958466453674
2.2019108280254773
2.2053968253968255
2.204746835443038
2.2037854889589905
2.2078616352201257
2.2081504702194357
2.206875
2.206853582554517
2.2086956521739127
2.210216718266254
2.2111111111111112
2.2163076923076925
2.216871165644172
2.214373088685015
2.2161585365853655
2.2173252279635265
2.2184848484848487
2.217220543806646
2.2204819277108436
2.228528528528529
2.229640718562874
2.231641791044776
2.2309523809523815
2.2317507418397633
2.2357988165680474
2.238643067846607
2.237941176470588
2.2457478005865097
2.243859649122807
2.242565597667639
2.2441860465116283
2.2501449275362324
2.2514450867052025
2.2530259365994234
2.256609195402299
2.2590257879656166
2.262857142857143
2.263532763532764
2.263352272727272
2.2645892351274783
2.2703389830508476
2.273521126760563
2.2755617977528093
2.2775910364145657
2.2787709497206707
2.2779944289693597
2.278611111111111
2.282548476454294
2.286740331491713
2.286225895316804
2.2895604395604394
2.2909589041095892
2.2926229508196725
2.2923705722070844
2.295108695652174
2.295663956639566
2.2964864864864865
2.2970350404312674
2.2975806451612897
2.299731903485255
2.2997326203208557
2.300533333333333
2.3055851063829786
2.3071618037135284
2.3071428571428574
2.308707124010554
2.3107894736842107
2.312073490813648
2.316230366492147
2.3172323759791125
2.316666666666667
2.3187012987012983
2.3233160621761657
2.323772609819121
2.3237113402061857
2.3231362467866323
2.3241025641025645
2.3248081841432224
2.3237244897959184
2.3259541984732826
2.3289340101522837
2.329113924050633
2.3297979797979798
2.3299748110831238
2.328643216080402
2.3283208020050123
2.33725
2.3369077306733166
2.335820895522388
2.3379652605459063
2.337871287128713
2.3400000000000003
2.339655172413793
2.3402948402948405
2.3394607843137254
2.3408312958435205
2.34
2.338929440389295
2.3390776699029123
2.3380145278450364
2.3367149758454113
2.336867469879518
2.3375
2.341247002398082
2.3425837320574163
2.340572792362768
2.3400000000000003
2.344180522565321
2.342654028436019
2.3420803782505906
2.3445754716981133
2.3465882352941176
2.3471830985915494
2.351288056206089
2.3516355140186915
2.3529137529137527
2.3532558139534885
2.3512761020881667
2.354861111111111
2.354965357967667
2.354608294930876
2.354022988505747
2.3538990825688075
2.353089244851259
2.352968036529681
2.3535307517084276
2.352954545454545
2.3548752834467117
2.3542986425339363
2.3557562076749434
2.354504504504505
2.355280898876405
2.357399103139014
2.3568232662192394
2.3578125
2.356347438752784
2.3577777777777778
2.356762749445676
2.356194690265487
2.357395143487859
2.358370044052863
2.358021978021978
2.3570175438596492
2.3584245076586434
2.359606986899563
2.3607843137254902
2.362608695652174
2.365509761388286
2.3686147186147184
2.372354211663067
2.3721982758620688
2.373548387096774
2.373175965665236
2.3728051391862954
2.375213675213675
2.3780383795309166
2.3834042553191486
2.3842887473460723
2.383898305084746
2.3843551797040172
2.383122362869198
2.382526315789474
2.382773109243697
2.3825995807127884
2.3845188284518826
2.3851774530271403
2.3845833333333335
2.3837837837837834
2.3850622406639
2.38695652173913
2.3857438016528922
2.3882474226804122
2.389506172839506
2.3868583162217663
2.385655737704918
2.3891615541922286
2.3946938775510205
2.3949083503054993
2.394512195121951
2.3959432048681544
2.396761133603239
2.4002020202020202
2.400403225806451
2.402213279678069
2.4016064257028114
2.4018036072144286
2.4002
2.40059880239521
2.403585657370518
2.40417495029821
2.404761904761905
2.4073267326732672
2.4083003952569166
2.4069033530571997
2.4061023622047246
2.4064833005893904
2.406274509803922
2.4078277886497066
2.4072265625
2.4062378167641323
2.4048638132295723
2.405436893203883
2.40562015503876
2.4058027079303677
2.4067567567567565
2.4075144508670516
2.4075
2.409021113243762
2.4095785440613033
2.4122370936902486
2.4124045801526717
2.4135238095238094
2.415399239543726
2.415370018975332
2.415340909090909
2.4166351606805287
2.4162264150943393
2.4163841807909603
2.4161654135338346
2.4166979362101313
2.4161048689138576
2.41588785046729
2.4156716417910444
2.4156424581005593
2.4154275092936803
2.4144712430426716
2.4151851851851847
2.4170055452865062
2.4177121771217713
2.4165745856353587
2.417095588235294
2.4174311926605503
2.41996336996337
2.4204753199268736
2.4226277372262777
2.423132969034609
2.4232727272727272
2.4230490018148823
2.423188405797102
2.425135623869801
2.4265342960288807
2.427027027027027
2.4284172661870507
2.428007181328546
2.429032258064516
2.4289803220035773
2.4292857142857143
2.4288770053475934
2.4304270462633455
2.430017761989343
2.429609929078014
2.430265486725664
2.430035335689046
2.430511463844797
2.431338028169014
2.4302284710017577
2.4312280701754387
2.4292469352014012
2.4293706293706294
2.4300174520069806
2.4301393728222997
2.430086956521739
2.428472222222222
2.4299826689774693
2.429757785467128
2.4293609671848015
2.4298275862068968
2.4292598967297763
2.428694158075601
2.4284734133790744
2.428253424657534
2.4295726495726493
2.4303754266211604
2.43236797274276
2.432482993197279
2.432937181663837
2.4332203389830505
2.4329949238578683
2.4331081081081076
2.4337268128161886
2.4346801346801348
2.43344537815126
2.4323825503355705
2.432830820770519
2.4342809364548494
2.4340567612687813
2.4338333333333333
2.435108153078203
2.435049833887043
2.434660033167496
2.435761589403973
2.43504132231405
2.4356435643564356
2.4355848434925864
2.4338815789473687
2.4331691297208535
2.4324590163934423
2.4309328968903436
2.4308823529411763
2.430831973898858
2.432247557003257
2.4330081300813005
2.4319805194805193
2.4330632090761752
2.4325242718446605
2.4339256865912757
2.4341935483870967
2.433816425120773
2.435530546623794
2.4349919743178168
2.4357371794871794
2.43616
2.434504792332268
2.4339712918660292
2.4345541401273887
2.4357710651828297
2.4374603174603173
2.437876386687797
2.437974683544304
2.4380726698262243
2.438170347003154
2.4388976377952756
2.440566037735849
2.4420722135007855
2.443103448275862
2.4441314553990616
2.4454687499999994
2.447425897035882
2.447507788161994
2.447122861586314
2.448757763975155
2.447751937984496
2.4470588235294124
2.4471406491499224
2.4492283950617284
2.447919876733436
2.4472307692307695
2.446697388632873
2.44601226993865
2.44624808575804
2.4474006116207954
2.4473282442748094
2.446189024390244
2.445966514459665
2.4483282674772036
2.4490136570561454
2.4507575757575752
2.4518910741301054
2.452567975830816
2.4530920060331822
2.4539156626506022
2.454436090225564
2.4533033033033034
2.4532233883058474
2.4525449101796406
2.4527653213751868
2.4540298507462692
2.454694485842027
2.454613095238095
2.4573551263001487
2.4575667655786346
2.458814814814814
2.4607988165680474
2.46056129985229
2.461504424778761
2.4606774668630336
2.4610294117647062
2.4604992657856095
2.4609970674486803
2.4604685212298683
2.461842105263158
2.4613138686131384
2.461078717201166
2.4621542940320236
2.4620639534883724
2.4640058055152396
2.463768115942029
2.46410998552822
2.463005780346821
2.4645021645021643
2.4642651296829974
2.4651798561151077
2.4652298850574716
2.466284074605452
2.467478510028653
2.4676680972818312
2.4685714285714284
2.46904422253923
2.4693732193732196
2.4689900426742533
2.4717329545454545
2.472624113475177
2.4750708215297452
2.4736916548797736
2.4745762711864407
2.4758815232722147
2.476197183098592
2.4755274261603377
2.475
2.474614305750351
2.47296918767507
2.473846153846154
2.4727653631284916
2.472803347280335
2.471309192200557
2.471070931849791
2.4722222222222223
2.4739251040221917
2.475623268698061
2.475795297372061
2.4770718232044198
2.4771034482758623
2.476308539944904
2.4756533700137546
2.4760989010989016
2.4750342935528122
2.4742465753424656
2.474965800273598
2.4751366120218576
2.4751705320600275
2.4762942779291555
2.475374149659864
2.474048913043478
2.4739484396200817
2.473848238482385
2.474154262516915
2.474324324324324
2.475303643724696
2.475202156334232
2.4741588156123817
2.4745967741935484
2.4746308724832216
2.4735924932975872
2.47429718875502
2.473395721925134
2.4747663551401873
2.4756
2.478029294274301
2.4784574468085108
2.4788844621513944
2.479973474801061
2.4798675496688736
2.4810846560846556
2.481638044914135
2.482717678100264
2.482872200263505
2.4818421052631576
2.4831800262812087
2.482939632545932
2.4830930537352556
2.482329842931937
2.483006535947712
2.4840731070496083
2.484224250325945
2.484244791666667
2.484915474642393
2.4867532467532465
2.485732814526589
2.4869170984455957
2.487839586028461
2.488372093023256
2.48941935483871
2.489690721649485
2.490733590733591
2.4908740359897172
2.4907573812580233
2.4907692307692306
2.4916773367477596
2.4913043478260875
2.490676883780332
2.4901785714285714
2.4903184713375794
2.489567430025445
2.489199491740788
2.4903553299492387
2.4894803548795945
2.4896202531645573
2.489506953223768
2.4916666666666663
2.4935687263556114
2.492947103274559
2.4955974842767294
2.495100502512563
2.4948557089084065
2.495488721804511
2.495244055068836
2.4949999999999997
2.4950062421972534
2.4951371571072323
2.4945205479452057
2.495771144278607
2.49639751552795
2.4982630272952853
2.500247831474597
2.5004950495049507
2.501730531520395
2.5014814814814814
2.5014796547472256
2.5007389162561577
2.5017220172201724
2.5023341523341514
2.5028220858895702
2.5029411764705882
2.502570379436965
2.5026894865525673
2.5037851037851033
2.5041463414634153
2.505481120584653
2.5065693430656935
2.506561360874848
2.5094660194174763
2.5109090909090908
2.510774818401937
2.509431680773882
2.5095410628019326
2.510615199034982
2.5108433734939757
2.5120336943441637
2.513100961538462
2.512484993997599
2.5121103117505994
2.5114970059880237
2.511363636363636
2.5133811230585428
2.514558472553699
2.5151370679380216
2.5160714285714283
2.5174791914387638
2.5173396674584323
2.517674970344009
2.517061611374408
2.5176331360946747
2.518321513002364
2.518654073199528
2.520283018867924
2.522614840989399
2.523058823529412
2.5237367802585196
2.523943661971831
2.5248534583821804
2.5252927400468383
2.526783625730994
2.528154205607477
2.5298716452742123
2.5306526806526812
2.5327124563445866
2.533720930232558
2.536236933797909
2.5383990719257543
2.539049826187717
2.538310185185185
2.539884393063584
2.539953810623557
2.541983852364475
2.544815668202765
2.5467203682393555
2.5471264367816095
2.547301951779564
2.548050458715596
2.549255441008018
2.549313501144165
2.5482285714285715
2.5482876712328766
2.547890535917902
2.5482915717539862
2.5505119453924916
2.5498863636363636
2.550624290578887
2.550453514739229
2.5513023782559454
2.5505656108597283
2.550960451977401
2.553160270880361
2.5546786922209694
2.5548423423423423
2.554893138357705
2.5556179775280894
2.555555555555556
2.557286995515695
2.5565509518477043
2.55592841163311
2.556201117318436
2.555803571428571
2.5557413600891863
2.555567928730512
2.55650723025584
2.5572222222222223
2.558157602663707
2.557760532150776
2.5584717607973424
2.559402654867257
2.5596685082872925
2.5601545253863134
2.5613009922822494
2.561013215859031
2.5618261826182627
2.5620879120879123
2.5621295279912184
2.562938596491228
2.564403066812705
2.5640043763676146
2.5650273224043714
2.56528384279476
2.5659760087241
2.567755991285403
2.568770402611534
2.5693478260869567
2.569489685124864
2.5715835140997827
2.5722643553629476
2.5732683982683984
2.573297297297297
2.573110151187905
2.573678532901834
2.5739224137931034
2.57481162540366
2.573763440860215
2.5740064446831363
2.5742489270386266
2.5745980707395497
2.5770877944325483
2.5775401069518713
2.5782051282051284
2.5789754535752403
2.5796375266524523
2.5797657082002132
2.580212765957447
2.581296493092455
2.581634819532909
2.5815482502651115
2.581673728813559
2.582010582010582
2.5817124735729386
2.58194297782471
2.5815400843881853
2.5812434141201264
2.5805263157894744
2.5808622502628813
2.5815126050420174
2.5811122770199373
2.582285115303983
2.5825130890052357
2.5847280334728033
2.5844305120167186
2.5850730688935286
2.5879040667361837
2.588125
2.589177939646202
2.588981288981289
2.591484942886812
2.590767634854772
2.5912953367875646
2.5903726708074535
2.5900723888314374
2.589566115702479
2.5901960784313722
2.5914432989690726
2.5925849639546863
2.5933127572016454
2.593422404933196
2.59394250513347
2.595076923076923
2.5947745901639343
2.5944728761514844
2.5934560327198364
2.593871297242084
2.594489795918367
2.594597349643221
2.5950101832993893
2.595116988809766
2.5961382113821143
2.596649746192893
2.5987829614604463
2.599797365754813
2.5997975708502024
2.599696663296259
2.6
2.6011099899091827
2.6019153225806453
2.602416918429003
2.601710261569417
2.602512562814071
2.6026104417670686
2.603510531594784
2.6053106212424852
2.6051051051051055
2.6051999999999995
2.608591408591409
2.6090818363273454
2.6090727816550348
2.6086653386454186
2.608557213930348
2.6088469184890655
2.6091360476663352
2.6086309523809526
2.6100099108027752
2.6112871287128714
2.6118694362017805
2.61106719367589
2.6104639684106616
2.6101577909270217
2.6102463054187193
2.6115157480314957
2.6128810226155355
2.6117878192534385
2.6131501472031404
2.6138235294117647
2.614201762977473
2.614481409001957
2.6138807429130013
2.61435546875
2.615707317073171
2.6157894736842104
2.615579357351509
2.615661478599222
2.616520894071914
2.616116504854369
2.6156159068865175
2.6156007751937986
2.6169409486931268
2.6172147001934234
2.6177777777777775
2.6174710424710423
2.618032786885246
2.6189788053949905
2.6195380173243503
2.6198076923076923
2.6203650336215176
2.621785028790787
2.6218600191754553
2.6220306513409968
2.622392344497608
2.623804971319312
2.6228271251193886
2.6223282442748093
2.6224976167778835
2.622857142857143
2.623120837297812
2.6230038022813686
2.6236467236467234
2.6237191650853893
2.624454976303318
2.6244318181818187
2.625827814569537
2.627693761814745
2.628045325779037
2.6282075471698114
2.6285579641847314
2.6283427495291902
2.629444967074318
2.6292293233082704
2.629389671361502
2.628986866791745
2.6285848172446107
2.6280898876404493
2.6281571562207677
2.627570093457944
2.627824463118581
2.627332089552239
2.6276794035414723
2.6283985102420857
2.6273488372093023
2.6277881040892193
2.627576601671309
2.6275510204081627
2.627988878591289
2.6269444444444447
2.627104532839963
2.627634011090573
2.628254847645429
2.6284132841328414
2.629400921658987
2.6295580110497236
2.628426862925483
2.628492647058824
2.629017447199265
2.629724770642202
2.629514207149404
2.629945054945055
2.6301006404391587
2.6298903107861062
2.629315068493151
2.6304744525547448
2.6307201458523246
2.6319672131147547
2.6319381255686993
2.6323636363636362
2.6323342415985467
2.632304900181488
2.63155031731641
2.6325181159420286
2.6331221719457014
2.6328209764918626
2.6330623306233063
2.632851985559567
2.6333633904418394
2.634234234234234
2.635013501350135
2.6362410071942444
2.6365678346810424
2.6364452423698386
2.63695067264574
2.6365591397849464
2.6375111906893465
2.6380143112701253
2.6372654155495976
2.636964285714286
2.636663693131133
2.6369875222816397
2.637221727515583
2.6372775800711743
2.6375111111111114
2.6383658969804618
2.6385093167701865
2.6394503546099286
2.640566873339238
2.6414159292035393
2.6414677276746246
2.642579505300353
2.6441306266548987
2.6436507936507936
2.644140969162996
2.644278169014085
2.644063324538259
2.644551845342707
2.644776119402985
2.645
2.646012269938651
2.646322241681261
2.6458442694663167
2.645891608391609
2.646637554585153
2.6467713787085514
2.6460331299040973
2.6469512195121947
2.6468233246301134
2.6478260869565218
2.647784535186794
2.648697916666667
2.6491760624457936
2.649653379549393
2.6506493506493505
2.6511245674740485
2.6503889369057907
2.6498272884283245
2.6499568593615184
2.6513793103448275
2.6511627906976747
2.650860585197935
2.6511607910576096
2.650773195876289
2.6515021459227466
2.652058319039451
2.651499571550986
2.6511986301369865
2.6514970059880243
2.651367521367521
2.651921434671221
2.653071672354949
2.6535379369138967
2.6539182282793865
2.654297872340426
2.654336734693878
2.655055225148683
2.6547538200339558
2.6553859202714163
2.655423728813559
2.6569009314140555
2.656429780033841
2.6562130177514796
2.6569256756756756
2.6565400843881855
2.6568296795952784
2.656781802864364
2.6562289562289565
2.655592935239697
2.6557142857142857
2.6560033585222502
2.6563758389261745
2.657502095557418
2.6567001675041877
2.6566527196652725
2.6568561872909697
2.65655806182122
2.656010016694491
2.655546288573812
2.6555833333333334
2.655620316402998
2.6552412645590686
2.6544472152950953
2.6544019933554823
2.654273858921162
2.6534825870646768
2.6545981772990883
2.6552152317880795
2.6547559966914807
2.6545454545454543
2.6548307184145337
2.6546204620462044
2.654575432811212
2.654036243822076
2.654156378600823
2.6546875000000005
2.6548069022185703
2.655254515599343
2.6553732567678425
2.655573770491803
2.6566748566748566
2.65646481178396
2.6573998364677025
2.657679738562092
2.6580408163265306
2.658972267536705
2.658842705786471
2.659201954397394
2.659235150528885
2.659430894308943
2.659220146222583
2.660064935064935
2.6599351175993506
2.6606969205834683
2.662348178137651
2.662135922330097
2.662651576394503
2.6634087237479807
2.6635189669087973
2.6635483870967747
2.663255439161966
2.662882447665056
2.6634754625905073
2.6635852090032155
2.6644979919678713
2.665409309791332
2.6655974338412194
2.6651442307692306
2.665492393915132
2.66632
2.6660271782573943
2.6659744408945683
2.665522745411013
2.665151515151515
2.665338645418326
2.6660828025477707
2.6667462211614956
2.6673290937996823
2.6675933280381257
2.667063492063492
2.6666931007137196
2.6665610142630745
2.6664291369754554
2.6669303797468356
2.66695652173913
2.6681674565560822
2.6681925808997637
2.667665615141956
2.668321513002364
2.668267716535433
2.6693941778127463
2.6699685534591198
2.670149253731343
2.669937205651491
2.670274509803922
2.671003134796239
2.671652310101801
2.6726917057902972
2.673494917904613
2.672890625
2.6727556596409054
2.6723868954758188
2.6727981293842555
2.672663551401869
2.672918287937743
2.6736391912908237
2.674125874125874
2.6742236024844717
2.674166020170675
2.6748837209302323
2.6754453911696356
2.675077399380805
2.6757927300850737
2.677125193199382
2.677837837837838
2.678472222222222
2.680030840400925
2.679892141756549
2.679445727482679
2.6797692307692307
2.680630284396618
2.6799539170506916
2.6811972371450494
2.6810582822085895
2.6811494252873564
2.680857580398162
2.680566182096404
2.681422018348624
2.6817417876241407
2.683435114503817
2.68276125095347
2.682774390243902
2.6832444782939837
2.68234398782344
2.68212927756654
2.6824468085106377
2.682384206529993
2.682852807283763
2.6826383623957546
2.68280303030303
2.6829674489023465
2.6835098335854766
2.683219954648526
2.6836102719033237
2.6832452830188678
2.682956259426848
2.682592313489073
2.682078313253012
2.682468021068473
2.6823308270676693
2.6826446280991734
2.6824324324324325
2.6826706676669163
2.6837331334332832
2.68561797752809
2.686751497005988
2.687509349289454
2.6875934230194316
2.6878267363704262
2.6879850746268654
2.688665175242357
2.6890461997019375
2.688905435591958
2.6899553571428574
2.6900371747211897
2.690564635958395
2.6904974016332597
2.690504451038576
2.6907338769458855
2.6902222222222223
2.6908956328645446
2.6922337278106507
2.6936437546193646
2.6935745937961597
2.6935793357933577
2.694542772861357
2.694694178334562
2.6945508100147277
2.6953642384105962
2.6956617647058825
2.695224099926525
2.696769456681351
2.6969185619955973
2.6969941348973614
2.698241758241758
2.6983894582723282
2.698536942209217
2.699049707602339
2.698904309715121
2.6997810218978104
2.6991247264770246
2.6994169096209912
2.6994173343044423
2.699272197962155
2.698472727272727
2.6997093023255823
2.6999273783587507
2.700507982583454
2.700290065264684
2.7004347826086956
2.7017378711078925
2.7015918958031837
2.702241503976862
2.7022398843930637
2.7020938628158846
2.701443001443001
2.7011535688536403
2.7010806916426513
2.7015838732901374
2.7018705035971218
2.703163191948239
2.704022988505747
2.7057430007178747
2.7062410329985656
2.7074551971326164
2.707808022922636
2.7080887616320686
2.7085836909871244
2.7085775553967117
2.7090714285714284
2.7088508208422555
2.709058487874465
2.7084105488239487
2.709330484330484
2.7102491103202846
2.7118776671408247
2.7120824449182654
2.7117897727272724
2.7122782114975155
2.712269503546099
2.7124734231041816
2.712889518413598
2.713658881811748
2.7133663366336638
2.71356890459364
2.7144067796610174
2.714537755822159
2.7154442877291958
2.7164904862579276
2.716549295774648
2.71780436312456
2.7178621659634317
2.7174279690794094
2.717696629213483
2.7185964912280705
2.7187938288920055
2.7185704274702167
2.718347338935574
2.719734079776067
2.719370629370629
2.7192872117400424
2.7190642458100562
2.7194696441032797
2.719386331938633
2.719581881533101
2.720264623955432
2.7210855949895616
2.7205146036161336
2.720291869353717
2.7203472222222222
2.7206106870229005
2.7213592233009707
2.7212751212751214
2.7213296398891966
2.7213148788927333
2.721023513139696
2.721008984105045
2.7224447513812153
2.7221532091097314
2.722206896551724
2.7222605099931085
2.722038567493113
2.720991052993806
2.721664374140303
2.7217182130584194
2.722321428571429
2.7219629375428966
2.7224279835390943
2.7222069910897875
2.721849315068493
2.7214921286789866
2.721203830369357
2.720505809979494
2.720765027322405
2.7211604095563144
2.721555252387449
2.721949556918882
2.721866485013624
2.7215793056501023
2.7210204081632656
2.72093813732155
2.721671195652174
2.7219959266802443
2.7214382632293077
2.721423728813559
2.7223577235772356
2.722545700744753
2.723139377537213
2.7233941852603114
2.7233108108108115
2.723295070898042
2.7228070175438597
2.722724207687121
2.722574123989218
2.722154882154882
2.722207267833109
2.7226630800269005
2.7225806451612904
2.7220282068502355
2.722885906040268
2.723138832997988
2.7239276139410187
2.724045545880777
2.7237617135207497
2.723678929765886
2.7241978609625663
2.7250501002004013
2.725967957276368
2.7263509006004005
2.7266000000000004
2.7266489007328447
2.726697736351531
2.727478376580173
2.7274601063829786
2.7271096345514954
2.7267596281540505
2.726874585268746
2.726525198938992
2.7271040424121935
2.7274172185430463
2.7269358041032428
2.7267195767195767
2.7274289491077326
2.7271466314398944
2.7278547854785478
2.727374670184697
2.72748846407383
2.727931488801054
2.7289664252797894
2.7296710526315793
2.729848783694938
2.730617608409987
2.7307944845699277
2.7310367454068243
2.7318688524590167
2.7320445609436437
2.7318925998690244
2.7315445026178007
2.7321778940483976
2.7319607843137255
2.731939908556499
2.73257180156658
2.7333333333333334
2.7334419817470663
2.73400651465798
2.7351562499999997
2.7348731294729993
2.734590377113134
2.734567901234568
2.73487012987013
2.734847501622323
2.735473411154345
2.735904082955282
2.736139896373057
2.7363754045307447
2.736481241914618
2.736780866192631
2.737080103359173
2.737637185280826
2.7379354838709675
2.7377176015473887
2.7378221649484535
2.737990985189955
2.7380308880308886
2.7385209003215434
2.7384318766066835
2.7393705844572898
2.739666238767651
2.7397049390635018
2.739423076923077
2.739718129404228
2.7399487836107554
2.7399872040946898
2.739961636828645
2.741086261980831
2.74176245210728
2.7417996171027443
2.74202806122449
2.7423836838750804
2.742675159235669
2.7422024188415017
2.7417302798982193
2.7424666242848064
2.74294790343075
2.742793650793651
2.742893401015228
2.742993024730501
2.7430925221799742
2.743128562381254
2.7429746835443036
2.743010752688172
2.7429835651074588
2.743082754264056
2.7428661616161616
2.7435331230283913
2.743505674653216
2.742848141146818
2.7425062972292196
2.7432976714915043
2.7431446540880504
2.742928975487115
2.7425251256281404
2.7422473320778407
2.742220828105395
2.742884012539185
2.742919799498747
2.7430807764558547
2.7425531914893617
2.7422138836772985
2.7419375
2.7422860712054966
2.7425093632958797
2.7424828446662506
2.741957605985038
2.742056074766355
2.7419053549190537
2.743434971997511
2.7431592039800994
2.744064636420137
2.744099378881988
2.7446927374301673
2.745099255583127
2.746001239925605
2.7465303593556376
2.74625386996904
2.7462252475247526
2.747309833024119
2.747033374536465
2.7474984558369364
2.747530864197531
2.747563232572486
2.7472872996300866
2.7473197781885395
2.747105911330049
2.7471384615384618
2.7477859778597784
2.7476336816226183
2.7477886977886974
2.749355432780847
2.7495705521472393
2.749540159411404
2.7492647058823527
2.7492345376607474
2.7489596083231334
2.749418960244648
2.749144254278728
2.7492364080635308
2.749145299145299
2.748566198901769
2.7484756097560976
2.748750761730652
2.7485992691839227
2.7490566037735853
2.7486618004866177
2.74887537993921
2.7487849331713248
2.749726775956284
2.749817961165048
2.7500303214069137
2.750545454545455
2.750090854027862
2.7504237288135593
2.750574712643678
2.7510882708585243
2.751299093655589
2.7519927536231887
2.753470126735063
2.7528950542822677
2.7532248342374928
2.7535542168674696
2.7540638169777245
2.7540914560770156
2.7538785327720987
2.753605769230769
2.7539939939939937
2.75390156062425
2.753989202159568
2.753776978417266
2.753744757339724
2.754431137724551
2.7543985637342905
2.7543062200956934
2.7542737597130897
2.75442054958184
2.755223880597015
2.7551312649164674
2.755575432319618
2.7555423122765195
2.7561048243001784
2.7563095238095237
2.7572873289708504
2.7570749108204518
2.7570409982174686
2.757244655581948
2.7579821958456976
2.7581850533807826
2.7589211618257266
2.758708530805687
2.7586737714624037
2.7595857988165684
2.7599645180366648
2.7602836879432617
2.759952746603662
2.759445100354191
2.7595870206489677
2.758903301886792
2.7590453741897467
2.7590694935217903
2.7593878752207184
2.7603529411764707
2.760552616108172
2.760575793184489
2.76095126247798
2.7606220657277
2.7607624633431085
2.7609613130128956
2.760925600468658
2.7605386416861823
2.7609713282621415
2.76046783625731
2.7608416130917592
2.760514018691589
2.76071220081728
2.7613185530921824
2.7616326530612243
2.7614801864801866
2.7620850320326147
2.7623399301513385
2.7619546247818496
2.7622093023255814
2.762928529924462
2.763240418118467
2.7634358676726634
2.763051044083527
2.7629565217391305
2.7624565469293163
2.7631731325998845
2.7630787037037035
2.762868710237132
2.762601156069364
2.763258232235702
2.7634526558891452
2.7631275245239473
2.7636678200692044
2.7631700288184438
2.7632488479262673
2.7647092688543466
2.764556962025316
2.7645198389879235
2.7642528735632186
2.7654796094198733
2.7650975889781857
2.7648307515777395
2.7642201834862385
2.7645272206303724
2.7644902634593356
2.764682312535776
2.764473684210526
2.7640365923384786
2.7638857142857143
2.7636207881210737
2.7631849315068493
2.7633200228180264
2.7629418472063856
2.7633048433048435
2.7632118451025054
2.7632327831531023
2.763481228668942
2.7632745878339966
2.763011363636364
2.7628052243043726
2.763223609534619
2.7636415201361317
2.763775510204082
2.764362606232294
2.7648924122310303
2.765025466893039
2.765328054298643
2.7661390616167325
2.765762711864407
2.765556182947487
2.7651805869074493
2.765989847715736
2.766403607666291
2.7663098591549296
2.7666103603603602
2.7669667979741135
2.767154105736783
2.7674536256323776
2.7671348314606745
2.766535654126895
2.7662738496071833
2.766573191250701
2.767264573991031
2.7673949579831936
2.7673572228443453
2.7672076105204253
2.7680648769574945
2.7676355505869203
2.767430167597766
2.7672808486878844
2.767299107142857
2.7673173452314557
2.767335562987737
2.767910863509749
2.7682071269487754
2.7683361157484696
2.7685205784204667
2.769427459699833
2.7695
2.7695169350360915
2.76992230854606
2.76993899057127
2.7695676274944567
2.769639889196676
2.7708194905869323
2.770946319867183
2.7715154867256637
2.771697070204533
2.7715469613259662
2.7716178906681384
2.771743929359823
2.771759514616657
2.7719955898566697
2.7723966942148763
2.7725770925110136
2.7724821133736928
2.7723322332233225
2.77218251786696
2.7720329670329673
2.7725425590334978
2.7726125137211852
2.7728469555677457
2.773245614035088
2.7735342465753425
2.7736035049288064
2.7731800766283525
2.7730306345733045
2.7735921268452706
2.7733879781420763
2.7734025122883668
2.773471615720524
2.773649754500819
2.773009814612868
2.772806539509537
2.7738562091503263
2.773598258029396
2.773558215451578
2.774116367591082
2.77375
2.7738728951656713
2.7738327904451685
2.7737384698860557
2.7732104121475056
2.7729539295392955
2.772535211267605
2.773416350839199
2.7741883116883117
2.773715521903732
2.7735675675675675
2.773851971907077
2.7739200863930886
2.774203993524015
2.774487594390507
2.774986522911051
2.7751077586206896
2.7752288637587506
2.77491926803014
2.775363098440021
2.775107526881721
2.77485222998388
2.774650912996778
2.775040257648954
2.774785407725322
2.7746380697050936
2.77454448017149
2.7748794858061063
2.7748929336188444
2.7748528624933124
2.7755080213903742
2.775414216996259
2.775373931623931
2.7752269087026162
2.7754002134471714
2.7756266666666667
2.775586353944563
2.775705913692061
2.775825346112886
2.7759446514103248
2.7762765957446813
2.7759702286018078
2.776089266737513
2.7769516728624533
2.7766985138004245
2.778037135278514
2.778101802757158
2.7780074191838895
2.778072033898305
2.7784542085759663
2.7783597883597886
2.7781068217874143
2.7779598308668074
2.7781299524564185
2.7785638859556494
2.7786807387862797
2.7789029535864977
2.779124934106484
2.779346680716544
2.779410215903107
2.7793684210526317
2.779800105207786
2.7799158780231332
2.7799264319495536
2.779884453781513
2.77989501312336
2.7799055613850996
2.7801782905086525
2.780555555555556
2.7809324253535888
2.781099476439791
2.7808477237048663
2.7807008368200834
2.780606377417668
2.7809822361546503
2.7817232375979115
2.781576200417537
2.783098591549295
2.7827945776850886
2.78353309015112
2.78328125
2.783914627798022
2.784131113423517
2.784503380135205
2.784719334719335
2.7845714285714287
2.7845275181723776
2.7853658536585364
2.785788381742739
2.785743908761016
2.7859067357512957
2.7856551009839463
2.786180124223603
2.7862907397827215
2.7868665977249227
2.78656330749354
2.7873450413223138
2.787248322147651
2.7871001031991747
2.7878287777204744
2.788298969072165
2.7883565172591447
2.787847579814624
2.788986103962944
2.7894032921810696
2.789665809768637
2.7899794450154163
2.789522342064715
2.7903490759753593
2.79025141097999
2.7903076923076924
2.790363915940543
2.7905737704918034
2.7909882232462877
2.7911463664278404
2.7908951406649614
2.791359918200409
2.7926417986714362
2.7929519918283963
2.7929555895865237
2.7934183673469386
2.793778684344722
2.7939347604485216
2.7945491594498217
2.794195519348269
2.7947582697201017
2.794506612410987
2.794611082867311
2.7944105691056906
2.7945657694261046
2.79492385786802
2.7954337899543376
2.795233265720081
2.795489102889001
2.795390070921986
2.795645569620253
2.7954959514170037
2.795599393019727
2.7951466127401416
2.7955533097524006
2.795555555555556
2.7953558808682484
2.795005045408678
2.7952092788703986
2.795413306451613
2.795214105793451
2.7957703927492448
2.7957725213890283
2.795824949698189
2.796380090497738
2.796482412060301
2.7962330487192366
2.796285140562249
2.7964375313597594
2.7968906720160485
2.7963909774436093
2.796292585170341
2.796795192789184
2.796946946946947
2.7969484742371185
2.79655
