1.0
1.4
1.2666666666666666
1.375
1.28
1.25
1.2142857142857142
1.1875
1.1666666666666667
1.16
1.2
1.1916666666666669
1.1846153846153844
1.1785714285714284
1.1666666666666665
1.175
1.1705882352941175
1.172222222222222
1.1999999999999997
1.205
1.1904761904761905
1.1772727272727272
1.1869565217391302
1.1875000000000002
1.1960000000000002
1.226923076923077
1.288888888888889
1.3107142857142855
1.303448275862069
1.2933333333333334
1.3129032258064517
1.3375
1.33030303030303
1.3382352941176472
1.3342857142857143
1.327777777777778
1.3324324324324326
1.3394736842105266
1.3435897435897437
1.3375
1.346341463414634
1.35
1.3558139534883722
1.3681818181818182
1.3844444444444444
1.4000000000000001
1.3957446808510636
1.4229166666666668
1.4265306122448977
1.448
1.4549019607843139
1.4576923076923076
1.4566037735849056
1.4611111111111112
1.48
1.4964285714285714
1.5000000000000002
1.5034482758620689
1.5152542372881357
1.5233333333333332
1.5262295081967212
1.5338709677419355
1.5365079365079368
1.55
1.5523076923076924
1.55
1.555223880597015
1.561764705882353
1.563768115942029
1.5585714285714285
1.5619718309859159
1.5722222222222222
1.5863013698630135
1.585135135135135
1.584
1.598684210526316
1.5974025974025974
1.594871794871795
1.5924050632911393
1.595
1.6074074074074076
1.5987804878048781
1.6
1.6047619047619048
1.6105882352941177
1.6081395348837213
1.618390804597701
1.6215909090909093
1.6325842696629216
1.6344444444444441
1.632967032967033
1.626086956521739
1.6182795698924732
1.6106382978723404
1.6157894736842102
1.625
1.6288659793814435
1.6265306122448984
1.6252525252525252
1.625
1.6336633663366336
1.634313725490196
1.6368932038834951
1.6365384615384613
1.6457142857142855
1.6367924528301885
1.6392523364485982
1.6407407407407404
1.6403669724770644
1.6418181818181814
1.6504504504504502
1.6598214285714286
1.664601769911504
1.664035087719298
1.6617391304347826
1.661206896551724
1.6649572649572648
1.6703389830508475
1.6739495798319326
1.6716666666666664
1.6743801652892565
1.671311475409836
1.6804878048780487
1.6879032258064517
1.6880000000000002
1.6873015873015873
1.6811023622047245
1.68125
1.6821705426356588
1.6792307692307695
1.6778625954198474
1.681818181818182
1.6819548872180448
1.680597014925373
1.685925925925926
1.6852941176470586
1.6854014598540146
1.6818840579710144
1.6820143884892087
1.6828571428571428
1.6808510638297876
1.6760563380281688
1.6832167832167833
1.6875
1.6834482758620688
1.6842465753424658
1.6857142857142855
1.6885135135135134
1.691275167785235
1.6940000000000002
1.6980132450331127
1.7
1.6993464052287581
1.7025974025974027
1.7006451612903226
1.696153846153846
1.6980891719745226
1.69873417721519
1.6981132075471699
1.7
1.706211180124224
1.710493827160494
1.7184049079754602
1.7158536585365856
1.7212121212121212
1.7259036144578317
1.7275449101796407
1.730952380952381
1.7426035502958581
1.7464705882352942
1.7526315789473685
1.7575581395348838
1.7583815028901735
1.7603448275862064
1.7645714285714287
1.7704545454545457
1.7689265536723162
1.7769662921348317
1.7743016759776538
1.7755555555555553
1.7773480662983423
1.7791208791208792
1.7863387978142078
1.7934782608695652
1.8021621621621624
1.8166666666666664
1.8203208556149733
1.821808510638298
1.8222222222222224
1.8226315789473688
1.822513089005236
1.8255208333333333
1.8269430051813473
1.8293814432989688
1.8266666666666667
1.8346938775510204
1.8304568527918783
1.8308080808080807
1.8311557788944721
1.8329999999999997
1.8323383084577114
1.835148514851485
1.8384236453201972
1.8470588235294116
1.846829268292683
1.8519417475728157
1.8526570048309174
1.8586538461538464
1.8665071770334927
1.8709523809523805
1.8777251184834125
1.8820754716981132
1.8816901408450704
1.8813084112149532
1.8804651162790698
1.8833333333333335
1.8806451612903223
1.8793577981651375
1.881735159817352
1.8831818181818183
1.879185520361991
1.8792792792792792
1.8757847533632286
1.8749999999999996
1.8826666666666665
1.8796460176991154
1.8814977973568283
1.8850877192982456
1.887772925764192
1.8882608695652174
1.8874458874458875
1.8948275862068968
1.8978540772532189
1.8961538461538463
1.8961702127659579
1.8978813559322034
1.8991561181434597
1.9012605042016808
1.8999999999999997
1.9008333333333336
1.9058091286307053
1.9070247933884297
1.9086419753086417
1.9098360655737703
1.9093877551020406
1.9109756097560973
1.9157894736842103
1.9225806451612903
1.922088353413655
1.9251999999999998
1.9310756972111556
1.9305555555555558
1.9316205533596835
1.934251968503937
1.9329411764705882
1.937109375
1.940077821011673
1.9410852713178302
1.9378378378378378
1.9419230769230773
1.9402298850574713
1.9423664122137403
1.9482889733840303
1.9507575757575761
1.9592452830188676
1.9590225563909773
1.9595505617977533
1.9641791044776116
1.9624535315985128
1.961851851851852
1.9616236162361627
1.9621323529411767
1.9615384615384612
1.9605839416058395
1.9632727272727273
1.966304347826087
1.9653429602888086
1.9651079136690643
1.9659498207885306
1.9664285714285714
1.9701067615658356
1.970567375886525
1.9689045936395757
1.9686619718309857
1.9701754385964911
1.9702797202797204
1.9745644599303134
1.9781249999999997
1.9813148788927333
1.9820689655172417
1.979725085910653
1.9804794520547948
1.9829351535836177
1.9816326530612245
1.9857627118644068
1.9847972972972976
1.986868686868687
1.9869127516778522
1.9896321070234115
1.994333333333333
1.9930232558139533
1.9933774834437088
1.9937293729372936
1.9960526315789475
1.9963934426229506
1.9990196078431375
2.004234527687297
2.0032467532467533
2.005825242718447
2.0106451612903227
2.009646302250804
2.018910256410256
2.0236421725239615
2.02484076433121
2.028888888888889
2.0281645569620257
2.0309148264984227
2.031761006289308
2.032601880877743
2.03625
2.0370716510903426
2.045031055900621
2.0507739938080496
2.052469135802469
2.0553846153846154
2.0576687116564414
2.0568807339449546
2.057317073170732
2.059878419452888
2.0630303030303034
2.065558912386707
2.064156626506024
2.0648648648648646
2.064970059880239
2.063283582089552
2.0622023809523813
2.065875370919881
2.065384615384615
2.064011799410029
2.0720588235294115
2.0730205278592373
2.07953216374269
2.08134110787172
2.082267441860465
2.0831884057971015
2.085549132947977
2.0855907780979828
2.089367816091954
2.0925501432664757
2.095714285714286
2.096866096866097
2.0980113636363638
2.1008498583569404
2.103107344632768
2.103098591549296
2.1050561797752807
2.1056022408963586
2.1072625698324017
2.1111420612813374
2.1158333333333337
2.124930747922438
2.12707182320442
2.130027548209367
2.132967032967033
2.136712328767123
2.140710382513661
2.1452316076294276
2.145108695652174
2.1474254742547427
2.1481081081081084
2.153369272237197
2.154032258064516
2.157104557640751
2.160427807486631
2.1664000000000003
2.1662234042553195
2.1692307692307695
2.17037037037037
2.171240105540897
2.1718421052631576
2.1727034120734907
2.1777486910994766
2.1778067885117496
2.1786458333333334
2.17948051948052
2.177461139896373
2.1775193798449615
2.180927835051546
2.1804627249357327
2.18051282051282
2.1808184143222507
2.183673469387755
2.1854961832061073
2.191624365482233
2.1896202531645566
2.1909090909090905
2.194710327455919
2.1967336683417087
2.1994987468671683
2.20025
2.2042394014962587
2.2039800995024876
2.204714640198511
2.20470297029703
2.211111111111111
2.2115763546798033
2.2125307125307123
2.2127450980392163
2.212469437652812
2.2143902439024394
2.218491484184915
2.219660194174758
2.221549636803874
2.221739130434783
2.2214457831325305
2.2228365384615385
2.2227817745803358
2.2227272727272727
2.2233890214797136
2.2235714285714283
2.2268408551068886
2.227488151658768
2.2290780141843975
2.2306603773584905
2.2338823529411767
2.2354460093896713
2.235128805620609
2.235981308411215
2.234965034965035
2.235348837209302
2.2373549883990718
2.2388888888888894
2.243187066974596
2.242857142857143
2.2441379310344827
2.245871559633027
2.2457665903890156
2.2447488584474886
2.247380410022779
2.247272727272727
2.250340136054422
2.250452488687783
2.2503386004514674
2.2488738738738734
2.2474157303370785
2.2488789237668163
2.250559284116331
2.2522321428571432
2.250556792873051
2.2495555555555553
2.248780487804878
2.248451327433628
2.249668874172185
2.2477973568281935
2.248791208791208
2.2517543859649125
2.2555798687089714
2.259388646288209
2.261002178649237
2.262608695652174
2.262689804772234
2.264935064935065
2.264362850971922
2.2644396551724135
2.2655913978494624
2.265236051502146
2.26830835117773
2.267735042735043
2.273347547974413
2.274893617021277
2.2764331210191084
2.2764830508474576
2.279492600422833
2.279746835443038
2.278315789473684
2.2798319327731096
2.2815513626834383
2.281380753138076
2.282463465553236
2.2837500000000004
2.2862785862785864
2.286099585062241
2.2865424430641825
2.286776859504132
2.2876288659793813
2.286831275720165
2.28870636550308
2.288729508196721
2.2881390593047035
2.287959183673469
2.2883910386965374
2.2878048780487807
2.2870182555780936
2.28744939271255
2.29010101010101
2.290725806451613
2.291951710261569
2.2919678714859435
2.291583166332665
2.2931999999999997
2.2930139720558884
2.295019920318725
2.294632206759443
2.2972222222222225
2.301386138613861
2.303162055335968
2.3023668639053256
2.303149606299212
2.307072691552063
2.3090196078431373
2.311741682974559
2.3111328125
2.3136452241715397
2.3182879377431904
2.3190291262135925
2.3205426356589145
2.3234042553191494
2.3222007722007723
2.3273603082851637
2.3284615384615384
2.3301343570057584
2.3325670498084294
2.3336520076481837
2.3349236641221376
2.335809523809524
2.3357414448669203
2.3362428842504745
2.3367424242424244
2.3391304347826085
2.339622641509434
2.3421845574387947
2.344172932330827
2.3459662288930585
2.345505617977528
2.346915887850467
2.346268656716418
2.346927374301676
2.348327137546468
2.3478664192949905
2.349444444444445
2.3504621072088723
2.35239852398524
2.352117863720074
2.352941176470588
2.3555963302752287
2.354945054945055
2.3553930530164533
2.3549270072992696
2.3593806921675773
2.359272727272727
2.35989110707804
2.361050724637681
2.3620253164556964
2.3638989169675093
2.3677477477477478
2.3672661870503595
2.366786355475763
2.3686379928315415
2.3688729874776384
2.368392857142857
2.3688057040998216
2.3697508896797155
2.372646536412078
2.373581560283688
2.3771681415929202
2.3780918727915195
2.3807760141093475
2.3839788732394362
2.385237258347979
2.3863157894736844
2.3877408056042033
2.387762237762238
2.3902268760907504
2.394076655052265
2.3947826086956523
2.3947916666666664
2.3965337954939345
2.3984429065743944
2.4012089810017274
2.403103448275862
2.403098106712565
2.4061855670103096
2.406861063464837
2.4075342465753424
2.4076923076923076
2.410921501706485
2.4114139693356047
2.412755102040816
2.4137521222410863
2.416610169491525
2.4197969543147204
2.4192567567567567
2.4217537942664413
2.4232323232323236
2.424873949579832
2.425838926174497
2.427470686767169
2.430267558528428
2.4302170283806346
2.431
2.432945091514143
2.4342192691029902
2.437810945273632
2.4387417218543046
2.4400000000000004
2.4407590759075903
2.443822075782537
2.4450657894736847
2.4479474548440066
2.449344262295081
2.4499181669394434
2.448366013071895
2.4479608482871127
2.4473941368078176
2.447317073170731
2.44788961038961
2.447487844408428
2.4472491909385115
2.4476575121163173
2.447258064516129
2.4497584541062802
2.448392282958199
2.4481540930979135
2.4477564102564107
2.44896
2.4506389776357826
2.4507177033492824
2.4504777070063697
2.4527821939586643
2.452857142857143
2.4526148969889063
2.452848101265823
2.453238546603475
2.45410094637224
2.456220472440944
2.456918238993711
2.4585557299843015
2.4595611285266457
2.4597809076682315
2.4603124999999997
2.4589703588143523
2.4601246105919006
2.4603421461897357
2.46055900621118
2.4629457364341083
2.463777089783282
2.4655332302936634
2.4645061728395063
2.465947611710324
2.467076923076923
2.4682027649769585
2.4691717791411043
2.4713629402756503
2.4727828746177365
2.4717557251908397
2.474085365853658
2.4751902587519026
2.4747720364741643
2.475720789074355
2.474848484848485
2.4754916792738277
2.477341389728097
2.479185520361991
2.481024096385542
2.4799999999999995
2.4822822822822825
2.482608695652174
2.4829341317365268
2.484155455904335
2.4843283582089546
2.4847988077496277
2.4866071428571432
2.486924219910847
2.4870919881305644
2.486666666666667
2.4886094674556216
2.489069423929099
2.4899705014749265
2.4913107511045656
2.490147058823529
2.4911894273127753
2.4912023460410557
2.4918008784773065
2.492251461988304
2.492700729927007
2.492274052478134
2.4943231441048037
2.496075581395348
2.4965166908563137
2.496666666666667
2.4960926193921855
2.495664739884393
2.495959595959596
2.4956772334293946
2.49568345323741
2.495114942528736
2.494978479196557
2.494985673352436
2.495565092989986
2.495428571428571
2.4965763195435096
2.496296296296296
2.495874822190612
2.497017045454545
2.4990070921985814
2.5016997167138806
2.501414427157001
2.505367231638418
2.5080394922425953
2.508591549295775
2.508860759493671
2.5108146067415733
2.511220196353436
2.5138655462184873
2.5144055944055945
2.5157821229050277
2.5175732217573223
2.5176880222841227
2.5184979137691235
2.5183333333333335
2.5195561719833566
2.5207756232686984
2.5235131396957127
2.522651933701657
2.5263448275862075
2.5274104683195597
2.52888583218707
2.529532967032967
2.532235939643347
2.5330136986301373
2.5341997264021887
2.5356557377049187
2.5361527967257844
2.5376021798365125
2.5363265306122456
2.537635869565217
2.5409769335142465
2.5417344173441734
2.5423545331529094
2.542297297297297
2.5441295546558704
2.545148247978436
2.545222072678331
2.546774193548387
2.547114093959732
2.547855227882038
2.5475234270414995
2.548128342245989
2.5483311081441924
2.549066666666667
2.5499334221038614
2.550531914893617
2.550597609561753
2.55079575596817
2.5515231788079467
2.5509259259259265
2.5535006605019817
2.5529023746701847
2.553096179183136
2.553157894736842
2.5559789750328514
2.5573490813648294
2.558846657929227
2.560471204188482
2.561699346405229
2.5616187989556134
2.5615384615384618
2.562630208333333
2.5629388816644996
2.5635064935064937
2.5644617380025942
2.5651554404145074
2.565976714100905
2.56640826873385
2.568516129032258
2.5689432989690717
2.5691119691119697
2.5703084832904883
2.569704749679075
2.569487179487179
2.5693982074263766
2.5702046035805624
2.5699872286079186
2.5702806122448982
2.5700636942675157
2.571119592875318
2.5726810673443454
2.5732233502538078
2.5733840304182514
2.573544303797468
2.574968394437421
2.5760101010101013
2.578814627994956
2.5814861460957177
2.5822641509433963
2.5822864321608043
2.5824341279799246
2.582581453634085
2.5823529411764703
2.583999999999999
2.584644194756554
2.5871571072319197
2.5880448318804485
2.5899253731343284
2.589689440993789
2.5905707196029777
2.592193308550186
2.594430693069307
2.5951792336217556
2.594938271604938
2.5945745992601728
2.5953201970443347
2.5950799507995077
2.5958230958230954
2.5953374233128836
2.5955882352941178
2.5969400244798044
2.59682151589242
2.596825396825397
2.596585365853658
2.5970767356881854
2.5982968369829678
2.5982989064398536
2.5986650485436895
2.6007272727272728
2.6002421307506056
2.5997581620314394
2.6003623188405802
2.603739445114596
2.6039759036144576
2.6042117930204576
2.6036057692307693
2.605042016806723
2.6047961630695444
2.6039520958083835
2.604665071770335
2.6058542413381125
2.6062052505966586
2.607508939213349
2.607738095238095
2.6085612366230677
2.608788598574822
2.6085409252669036
2.6079383886255925
2.607455621301775
2.608274231678487
2.6102715466351833
2.610495283018868
2.6102473498233216
2.609058823529412
2.60951821386604
2.6104460093896713
2.6125439624853457
2.613934426229508
2.6136842105263156
2.613668224299065
2.6136522753792297
2.6128205128205133
2.613387660069848
2.614418604651163
2.615214866434379
2.615429234338747
2.615643105446118
2.615393518518519
2.6151445086705207
2.6153579676674363
2.616724336793541
2.6179723502304144
2.6191024165707715
2.6188505747126434
2.6187141216991963
2.6197247706422018
2.622680412371134
2.6231121281464533
2.6238857142857137
2.624315068493151
2.6246294184720638
2.624601366742597
2.62707622298066
2.627840909090909
2.6300794551645854
2.6298185941043086
2.628539071347678
2.6290723981900452
2.629943502824859
2.629683972911964
2.6308906426155576
2.632094594594595
2.631833520809899
2.63247191011236
2.6333333333333337
2.632511210762332
2.6329227323628226
2.633221476510067
2.6324022346368716
2.6316964285714284
2.631884057971014
2.6321826280623606
2.6325917686318134
2.6322222222222225
2.632741398446171
2.633259423503326
2.6336655592469547
2.6331858407079642
2.6332596685082876
2.6335540838852096
2.6334068357221607
2.634361233480176
2.6348734873487345
2.635164835164835
2.637650933040615
2.6371710526315786
2.6394304490690033
2.639387308533917
2.6408743169398905
2.6406113537117903
2.6416575790621595
2.6417211328976036
2.642002176278563
2.642173913043478
2.644191096634093
2.64349240780911
2.643661971830986
2.6439393939393936
2.645405405405405
2.644816414686825
2.6456310679611645
2.645689655172414
2.6482238966630787
2.6498924731182796
2.6508055853920514
2.6504291845493566
2.65091103965702
2.650642398286938
2.6514438502673796
2.65224358974359
2.6525080042689435
2.6535181236673777
2.65356762513312
2.6547872340425527
2.6557917109458025
2.6565817409766455
2.658218451749735
2.658580508474576
2.6592592592592594
2.6602536997885835
2.660190073917635
2.661286919831224
2.662697576396206
2.664947368421053
2.663827549947423
2.6651260504201684
2.6660020986358868
2.6656184486373165
2.666073298429319
2.6665271966527198
2.6677115987460818
2.6678496868475987
2.667778936392075
2.6688541666666667
2.6698231009365245
2.6704781704781704
2.6694704049844233
2.671058091286307
2.6726424870466325
2.6725672877846787
2.673629782833505
2.6733471074380164
2.6739938080495356
2.6753608247422678
2.6762100926879504
2.6771604938271607
2.676875642343268
2.6766940451745374
2.676923076923077
2.6763319672131147
2.6771750255885367
2.677505112474438
2.6780388151174668
2.6785714285714284
2.6792048929663608
2.6790224032586556
2.6783316378433364
2.678150406504065
2.6790862944162437
2.6784989858012174
2.6779128672745696
2.677226720647773
2.678058645096056
2.6777777777777776
2.677497477295661
2.6770161290322583
2.6782477341389725
2.679175050301811
2.6798994974874377
2.6805220883534138
2.6811434302908728
2.680961923847695
2.6807807807807804
2.681
2.6819180819180817
2.6825349301397203
2.6835493519441673
2.683266932270916
2.683781094527363
2.683598409542743
2.6835153922542205
2.6845238095238093
2.684340931615461
2.6852475247524756
2.685262116716123
2.685573122529644
2.6857847976307996
2.68491124260355
2.684236453201971
2.6849409448818893
2.6849557522123897
2.6847740667976425
2.684985279685967
2.685686274509804
2.6857002938295786
2.6859099804305284
2.6868035190615838
2.6865234375
2.6860487804878046
2.6860623781676414
2.6859785783836423
2.6855058365758753
2.6852283770651115
2.685145631067962
2.685741998060136
2.6853682170542634
2.6868344627299128
2.6865570599613156
2.686086956521739
2.68465250965251
2.685053037608486
2.684778420038536
2.684215591915303
2.6839423076923077
2.684245917387128
2.6850287907869483
2.684659635666347
2.6848659003831417
2.6845933014354064
2.683938814531549
2.6834765998089787
2.6823473282442754
2.6818875119161105
2.682
2.68220742150333
2.681273764258555
2.6820512820512823
2.682827324478178
2.684075829383886
2.6862689393939396
2.6884578997161777
2.688090737240075
2.688385269121813
2.689716981132076
2.6916116870876534
2.6908662900188323
2.6908748824082784
2.692105263157895
2.693333333333334
2.693996247654784
2.6939081537019685
2.693820224719101
2.694106641721235
2.6933644859813084
2.693557422969188
2.69375
2.6946877912395157
2.695251396648044
2.6961860465116283
2.6966542750929365
2.6970287836583102
2.6968460111317256
2.697034291010195
2.698240740740741
2.6986123959296946
2.699445471349353
2.7007386888273315
2.700369003690037
2.701198156682028
2.702670349907919
2.70229990800368
2.7033088235294116
2.703581267217631
2.7040366972477066
2.7040329972502293
2.7041208791208793
2.7043000914913082
2.705941499085923
2.7061187214611873
2.7065693430656936
2.706381039197812
2.7064663023679416
2.7072793448589634
2.7082727272727274
2.7100817438692104
2.7098911070780405
2.709700815956482
2.7102355072463764
2.711402714932127
2.7116636528028932
2.7124661246612467
2.7120036101083036
2.7119927862939583
2.7115315315315316
2.711071107110711
2.710161870503597
2.709433962264151
2.7097845601436266
2.709506726457399
2.709677419354839
2.7105640107430613
2.7112701252236135
2.7120643431635387
2.711875
2.7120428189116863
2.711675579322638
2.711487088156723
2.7117437722419924
2.711911111111111
2.7138543516873885
2.7141969831410826
2.7154255319148937
2.715500442869796
2.7161061946902656
2.716180371352785
2.715989399293286
2.7165931156222416
2.7166666666666663
2.717092511013216
2.715669014084507
2.7155672823218997
2.715289982425307
2.7148375768217736
2.7140350877192985
2.7141980718667833
2.7143607705779336
2.7139982502187228
2.714160839160839
2.71528384279476
2.7150087260034903
2.7153443766346994
2.7157665505226483
2.715839860748477
2.715391304347826
2.715291051259774
2.715451388888889
2.7150910667823074
2.715164644714038
2.7151515151515158
2.7151384083044983
2.71590319792567
2.717357512953368
2.7167385677308027
2.7169827586206896
2.7176571920757966
2.7181583476764204
2.7183147033533963
2.718556701030928
2.718540772532189
2.7182675814751285
2.7184233076263924
2.718236301369863
2.717964071856287
2.718717948717949
2.718189581554227
2.7180887372013656
2.7178175618073315
2.7179727427597955
2.7183829787234046
2.7189625850340136
2.718776550552252
2.718590831918506
2.7185750636132315
2.7177966101694917
2.7184589331075357
2.717851099830795
2.718765849535081
2.7191722972972974
2.718734177215189
2.7189713322091063
2.718702611625948
2.7191077441077445
2.718166526492851
2.718235294117647
2.718807724601175
2.7187080536912753
2.720284995808885
2.7200167504187602
2.7194142259414225
2.7200668896321067
2.7209690893901426
2.7214524207011683
2.723519599666389
2.72475
2.7252289758534554
2.726123128119801
2.728179551122195
2.728986710963455
2.7283817427385895
2.729519071310116
2.728997514498757
2.728228476821192
2.7282051282051283
2.728181818181818
2.727910817506193
2.7278877887788777
2.7281945589447654
2.7284184514003296
2.7290534979423864
2.7296875
2.7300739523418245
2.7295566502463053
2.7307629204265793
2.7314754098360656
2.7322686322686325
2.7319967266775773
2.732624693376942
2.734803921568628
2.7351836734693875
2.7346655791190866
2.7348003259983704
2.736319218241042
2.736371033360456
2.737235772357723
2.7372867587327376
2.7370129870129873
2.7372262773722627
2.737439222042139
2.7367611336032387
2.737864077669903
2.7383185125303156
2.738610662358643
2.7383373688458432
2.739193548387097
2.7400483481063658
2.7404186795491143
2.740144810941271
2.739871382636656
2.7413654618473897
2.7414125200642054
2.741619887730553
2.741346153846154
2.7411529223378706
2.74144
2.7418864908073544
2.741773162939297
2.7421388667198725
2.743221690590112
2.742709163346613
2.7425955414012737
2.7430389817024663
2.743720190779014
2.743764892772041
2.743730158730159
2.743695479777954
2.7450079239302694
2.7451306413301664
2.745332278481013
2.745454545454545
2.745260663507109
2.74585635359116
2.746293375394322
2.746729708431836
2.7476377952755904
2.7476003147128245
2.7486635220125786
2.7489395129615084
2.751726844583988
2.7522352941176473
2.7527429467084645
2.7552075176194206
2.7544600938967134
2.75426114151681
2.754140625
2.7544106167056985
2.754290171606864
2.7547934528448956
2.756386292834891
2.756964980544747
2.7582426127527215
2.758508158508159
2.7586180124223603
2.757951900698216
2.759612403100775
2.760728117738188
2.7610681114551086
2.760711523588554
2.7614374034003086
2.7620077220077217
2.761805555555555
2.7625289128758674
2.7629429892141757
2.76320246343341
2.763461538461539
2.7639508070714838
2.764516129032258
2.7654643131235606
2.7664877300613493
2.7667432950191575
2.767304747320061
2.7679418515684775
2.767813455657492
2.76890756302521
2.770152671755725
2.7707093821510296
2.772256097560976
2.773876618431074
2.7742009132420087
2.7741444866920153
2.7747720364741637
2.7751708428246014
2.774658573596358
2.77407126611069
2.773939393939394
2.7745647236941715
2.775491679273827
2.775510204081633
2.775377643504532
2.7753207547169816
2.774585218702866
2.7751318764129618
2.7751506024096386
2.7746425884123402
2.7750375939849627
2.7757325319308794
2.7758258258258257
2.7770442610652664
2.776311844077961
2.776554307116105
2.7758982035928144
2.7758414360508605
2.7754110612855007
2.775056011949215
2.774925373134328
2.7762117822520507
2.7760059612518626
2.7758004467609827
2.776190476190476
2.7765055762081783
2.77630014858841
2.777060133630289
2.776557863501483
2.776204595997035
2.7773333333333334
2.777054034048853
2.776849112426036
2.7776053215077607
2.777621861152142
2.7783025830258303
2.778908554572271
2.7785556374355194
2.7788659793814436
2.778660779985283
2.7785294117647057
2.7795738427626744
2.7803964757709254
2.7797505502567863
2.7802052785923754
2.7824908424908426
2.78411420204978
2.7839795171909283
2.7839912280701755
2.7843681519357193
2.7853284671532847
2.785412107950401
2.7855685131195336
2.7860888565185724
2.787845705967977
2.788
2.788808139534884
2.790559186637618
2.791727140783744
2.7914430746918053
2.7907971014492756
2.791745112237509
2.7924023154848046
2.7923355025307304
2.792268786127168
2.792274368231047
2.7923520923520924
2.7925739005046863
2.7924351585014406
2.7926565874730027
2.7935251798561147
2.794248741912293
2.7943965517241383
2.7955491744436465
2.7955523672883786
2.796415770609319
2.796776504297994
2.7969219756621335
2.7969241773962805
2.796783416726233
2.7978571428571426
2.7993576017130617
2.79978601997147
2.799643620812545
2.7992165242165243
2.7992170818505344
2.800711237553343
2.801137171286425
2.801491477272727
2.8016323633782827
2.8020567375886527
2.8017009213323885
2.800920679886686
2.8008492569002126
2.8008486562942005
2.800848056537103
2.801483050847458
2.801976005645731
2.8016220028208747
2.8026779422128256
2.8026056338028167
2.8033075299085146
2.803586497890296
2.804075895994378
2.8044241573033704
2.804140350877193
2.8047685834502105
2.805045550105116
2.806652661064426
2.807837648705388
2.8086013986013985
2.8093640810621947
2.809148044692738
2.8098394975575713
2.8105299860529986
2.8110104529616726
2.811838440111421
2.8128044537230337
2.813421418636996
2.81410701876303
2.8137499999999998
2.8149201943095075
2.8147711511789177
2.8143451143451146
2.8148199445983377
2.8148788927335646
2.8162517289073308
2.8160331720801657
2.8162983425414367
2.8168391994478954
2.816620689655173
2.8164024810475534
2.8162534435261706
2.8165863730213347
2.8168500687757914
2.8166323024054982
2.8167582417582415
2.8173644474948523
2.817009602194788
2.8186429061000684
2.818767123287671
2.819301848049281
2.8203146374829005
2.820164046479836
2.8202868852459018
2.820546075085324
2.8211459754433834
2.8226312201772323
2.8229564032697554
2.824574540503744
2.824897959183674
2.8261046906866083
2.826358695652174
2.826001357773252
2.826051560379918
2.826033898305085
2.826490514905149
2.8267433987813133
2.826319350473613
2.8258958755916157
2.8254054054054056
2.8267386900742744
2.8270580296896086
2.8277140930546194
2.828099730458221
2.8286868686868685
2.829407806191117
2.8288500336247475
2.828965053763441
2.829012760241773
2.829664429530201
2.830181086519114
2.830361930294906
2.8314132618888146
2.8311914323962517
2.8308361204013375
2.8316844919786095
2.833333333333333
2.835514018691589
2.835223482321547
2.8374
2.8383744170552965
2.8380825565912113
2.8382568196939455
2.837965425531915
2.8383388704318944
2.8387782204515273
2.839482415394824
2.8403846153846155
2.839960238568589
2.8399337748344364
2.8407015221707477
2.8405423280423276
2.8417713152676805
2.8418097754293266
2.8419801980198023
2.8420184696569923
2.842584047462096
2.843148880105402
2.8443054641211325
2.843815789473684
2.844444444444444
2.8461892247043363
2.846224556795798
2.8460629921259843
2.8482622950819674
2.849475753604194
2.850098231827112
2.850719895287958
2.851275343361674
2.852549019607843
2.8531678641410845
2.8533942558746737
2.853816046966732
2.8540417209908737
2.8544625407166118
2.8552083333333336
2.8562784645413144
2.856176853055917
2.8570500324886288
2.857402597402597
2.8577547047371836
2.8579766536964977
2.858457550226831
2.8579663212435236
2.858770226537217
2.8588615782664943
2.8599224305106654
2.8602713178294574
2.8613944480309876
2.8612258064516127
2.861057382333978
2.8612757731958767
2.8629748873148744
2.8631917631917636
2.8626366559485534
2.8633676092544986
2.863776493256262
2.865019255455713
2.866132135984606
2.866217948717949
2.8673926969891097
2.8685019206145967
2.869225847728727
2.870652173913043
2.8709904153354637
2.8709450830140484
2.8712827058072756
2.8707908163265303
2.87112810707457
2.87140127388535
2.871928707829408
2.8722010178117046
2.8727272727272726
2.872490470139771
2.872952380952381
2.873032994923858
2.873303741280913
2.87256020278834
2.8732742241925266
2.8735443037974684
2.874067046173308
2.8743362831858406
2.874921036007581
2.875252525252525
2.8754574132492112
2.8758511979823456
2.8761184625078764
2.87632241813602
2.8770925110132155
2.879119496855346
2.8795725958516654
2.879396984924623
2.879849340866291
2.880112923462986
2.8805015673981194
2.880137844611529
2.880463368816531
2.880037546933667
2.8800500312695436
2.8796875
2.8807620237351657
2.8813358302122345
2.881035558328135
2.8817331670822943
2.881744548286605
2.881631382316314
2.881953951462352
2.8821517412935322
2.882597886886265
2.882298136645963
2.8826194909993794
2.8826923076923077
2.8839429634221947
2.883457249070632
2.8832817337461303
2.882673267326733
2.883116883116883
2.882941903584672
2.883508338480543
2.8832716049382716
2.8845157310302283
2.884401972872996
2.8844115834873696
2.8842364532019706
2.8847384615384613
2.8861623616236165
2.8861094038106945
2.8863022113022114
2.886801718845917
2.8873006134969326
2.887247087676272
2.887377450980392
2.887630128597673
2.8878212974296202
2.8881957186544343
2.8888141809290957
2.8893097128894323
2.89059829059829
2.8909701037217816
2.891158536585366
2.8925655088360758
2.8921437271619976
2.8918441874619596
2.8919099756691
2.8920972644376897
2.892041312272175
2.8927140255009105
2.8928398058252425
2.89417828987265
2.8942424242424245
2.8944276196244703
2.894733656174334
2.895039322444041
2.895284159613059
2.8950453172205437
2.8951690821256038
2.8951116475558236
2.895536791314837
2.895479204339964
2.896566265060241
2.8975316074653823
2.8974729241877255
2.897233914612147
2.897055288461538
2.898018018018018
2.897418967587035
2.8976604679064186
2.89826139088729
2.8980826842420613
2.897844311377246
2.8985038898862956
2.899043062200957
2.8998804542737604
2.899820788530466
2.899582089552239
2.900417661097852
2.901073345259392
2.9013706793802148
2.9016676593210247
2.9013690476190477
2.901546698393813
2.902021403091558
2.902079619726678
2.90166270783848
2.9017804154302675
2.902075919335706
2.9024303497332538
2.9030213270142182
2.9032563647128478
2.9041420118343195
2.9046717918391485
2.904255319148936
2.9043709391612524
2.9050767414403778
2.9055457227138644
2.9056014150943392
2.90612846199175
2.906007067137809
2.907062978222484
2.9068235294117644
2.907231040564374
2.907226792009401
2.9073399882560182
2.907511737089202
2.9078005865102643
2.9083235638921456
2.90896309314587
2.908606557377049
2.909362200117027
2.9097076023391812
2.909935710111046
2.9106892523364487
2.9106246351430243
2.910793465577597
2.9116034985422736
2.9112470862470863
2.9128712871287132
2.9131548311990683
2.913379872018616
2.9145930232558137
2.914468332364904
2.914982578397212
2.9152640742890306
2.915255220417633
2.9170434782608696
2.917555040556199
2.917892298784018
2.9181134259259256
2.918102949681897
2.9178612716763004
2.9179087232813403
2.9183025404157044
2.918926716676284
2.919377162629758
2.9207492795389047
2.9206221198156674
2.920782959124928
2.920943613348677
2.921564117308798
2.921609195402299
2.922113727742677
2.9220436280137774
2.9216293746414226
2.921215596330275
2.921776504297994
2.921878579610538
2.9224384659416143
2.922254004576659
2.922870211549457
2.923428571428572
2.923415191319246
2.923458904109589
2.924187107815174
2.9239452679589513
2.924957264957265
2.925398633257403
2.9263517359134887
2.9260523321956766
2.9258101193860147
2.9255681818181816
2.926291879613856
2.9267309875141883
2.9268859897901307
2.9267006802721087
2.926742209631728
2.9272933182332954
2.9272778720996038
2.928110859728507
2.9279253815715096
2.9277966101694917
2.9276115189158665
2.9278216704288935
2.9276931754089115
2.928072153325817
2.9281126760563376
2.9279279279279278
2.927912211592572
2.927840269966254
2.927712197863969
2.9279213483146065
2.928074115665356
2.927946127946128
2.927874369040942
2.9285313901345296
2.929579831932773
2.9296752519596865
2.9301063234471183
2.93076062639821
2.9304080491894915
2.9315083798882684
2.9315466219988835
2.9308035714285716
2.9315114333519245
2.931661092530658
2.931810584958217
2.9321826280623613
2.932609905397885
2.932480533926585
2.932962757087271
2.9331666666666663
2.9329816768461967
2.9337957824639287
2.9338325013865783
2.933924611973392
2.933905817174515
2.934108527131783
2.933978970669618
2.934402654867257
2.934604754007739
2.9346961325966854
2.9354500276090554
2.936037527593819
2.9360728075013784
2.9366593164277837
2.9371900826446278
2.936949339207048
2.9367088607594938
2.936688668866887
2.9362836723474435
2.9359890109890108
2.9361339923119165
2.9371569703622393
2.9371365880416898
2.9372258771929824
2.9375342465753422
2.937787513691128
2.9379310344827583
2.937636761487965
2.9379442318206666
2.937486338797814
2.9375204806116875
2.9373362445414846
2.9374795417348607
2.9378407851690294
2.938092643051771
2.937581699346405
2.9381056069678824
2.937812840043525
2.9380097879282223
2.938423913043479
2.9384573601303634
2.9381650380021713
2.9377645143787303
2.9379067245119304
2.938048780487805
2.9381906825568795
2.938711423930699
2.938257575757576
2.9381287182260682
2.938054054054054
2.9383036196650463
2.9377429805615547
2.938262277388019
2.9386192017259978
2.9379514824797845
2.937877155172414
2.9375875067312864
2.93772874058127
2.9373318988703603
2.937311827956989
2.9371843095110153
2.937003222341568
2.93719806763285
2.9365879828326182
2.937372654155496
2.9372454448017153
2.936957686127477
2.9372055674518203
2.937774210807919
2.9375935828877004
2.9379476215927314
2.9386752136752134
2.9390282968499735
2.9399679829242262
2.9402133333333333
2.940938166311301
2.942461374533831
2.9424920127795526
2.9425758382118143
2.9423936170212763
2.943115364167995
2.9435706695005317
2.9433882103027083
2.943418259023354
2.944190981432361
2.9442205726405093
2.944303126656068
2.944120762711864
2.9445209105346746
2.944550264550265
2.94479111581174
2.944873150105709
2.9449550977284735
2.945934530095036
2.9459630606860157
2.946149789029536
2.9467580390089614
2.9463119072708106
2.94623486045287
2.9473684210526314
2.947448711204629
2.9478443743427976
2.947871781397793
2.9479516806722685
2.9476115485564307
2.9471668415529906
2.9468799160985837
2.9467505241090146
2.947878470403352
2.9482722513089
2.948560962846677
2.9487970711297073
2.949660219550444
2.950156739811912
2.950339425587468
2.95
2.9503390714658315
2.950417101147028
2.9505992704533606
2.9514583333333335
2.9520041644976573
2.9519250780437045
2.9517420696827874
2.9515592515592517
2.9518441558441557
2.9518172377985463
2.9516865594187855
2.9510892116182577
2.952047693105236
2.9524870466321245
2.9521491455204556
2.9526397515527947
2.953181583031557
2.953464322647363
2.9539018087855298
2.9532541322314048
2.9538461538461536
2.954231166150671
2.9549252191851467
2.955412371134021
2.9565687789799076
2.957003089598352
2.9570766855378285
2.9572530864197533
2.957840616966581
2.9583247687564236
2.958602978941962
2.9582648870636548
2.9586967675731146
2.9588205128205125
2.9586878523833935
2.9588114754098362
2.9596006144393243
2.96028659160696
2.9604092071611254
2.960531697341513
2.961267245784364
2.9614913176710926
2.9617662072485964
2.961938775510204
2.9625701172870986
2.962640163098879
2.9626082526744777
2.963034623217923
2.963053435114504
2.9631230925737535
2.963446873411286
2.9632113821138213
2.9638902996444894
2.963807106598985
2.963723997970573
2.963793103448276
2.9645717181956406
2.9641843971631205
2.9643037974683546
2.9646255060728746
2.9658067779463835
2.9668351870576335
2.9671551288529563
2.9678282828282834
2.969056032306916
2.969172552976791
2.9696419566313663
2.9703125
2.972191435768262
2.9715005035246724
2.9720181177654754
2.9716297786720327
2.973051784816491
2.973065326633166
2.973329984932195
2.974196787148594
2.9743100852985447
2.9744232698094284
2.9746867167919797
2.975100200400801
2.975312969454181
2.9753753753753758
2.9752876438219107
2.97515
