1.5
1.3
1.6
1.375
1.4600000000000002
1.4166666666666667
1.4285714285714284
1.4375
1.411111111111111
1.37
1.4
1.45
1.4461538461538461
1.4142857142857144
1.4333333333333333
1.45
1.4470588235294117
1.411111111111111
1.4
1.4049999999999998
1.3904761904761904
1.3636363636363633
1.3521739130434782
1.3833333333333333
1.392
1.3807692307692307
1.414814814814815
1.4142857142857141
1.4172413793103449
1.3933333333333333
1.3903225806451611
1.371875
1.3515151515151516
1.3294117647058825
1.3342857142857143
1.3305555555555555
1.3297297297297297
1.3342105263157895
1.3461538461538463
1.3424999999999998
1.3317073170731706
1.3523809523809525
1.3465116279069769
1.3363636363636364
1.342222222222222
1.3282608695652172
1.327659574468085
1.3125
1.3
1.3
1.303921568627451
1.3096153846153846
1.3018867924528301
1.2888888888888888
1.2963636363636362
1.3142857142857143
1.3105263157894735
1.306896551724138
1.3101694915254236
1.3199999999999998
1.321311475409836
1.320967741935484
1.3174603174603174
1.325
1.3215384615384616
1.3257575757575757
1.3268656716417913
1.3264705882352943
1.3231884057971015
1.3185714285714287
1.308450704225352
1.2999999999999998
1.2945205479452055
1.2945945945945945
1.2933333333333334
1.301315789473684
1.3012987012987014
1.3
1.3037974683544304
1.30125
1.308641975308642
1.3109756097560976
1.3048192771084337
1.3035714285714284
1.3188235294117647
1.3267441860465115
1.3321839080459772
1.3329545454545453
1.3370786516853932
1.3433333333333333
1.3483516483516484
1.3478260869565217
1.346236559139785
1.3436170212765957
1.3421052631578947
1.3395833333333333
1.3515463917525774
1.3469387755102042
1.3424242424242423
1.34
1.3366336633663367
1.331372549019608
1.3300970873786404
1.3259615384615384
1.3266666666666667
1.3235849056603772
1.3345794392523365
1.336111111111111
1.338532110091743
1.340909090909091
1.3495495495495495
1.3491071428571428
1.3566371681415927
1.3657894736842107
1.368695652173913
1.371551724137931
1.3717948717948718
1.3703389830508477
1.3722689075630252
1.3716666666666666
1.3702479338842974
1.3737704918032787
1.3878048780487806
1.3903225806451611
1.3872
1.3849206349206349
1.395275590551181
1.39765625
1.4007751937984496
1.3953846153846154
1.4
1.4022727272727273
1.4030075187969926
1.4052238805970152
1.4081481481481481
1.414705882352941
1.413868613138686
1.4130434782608696
1.4208633093525178
1.4335714285714285
1.4347517730496455
1.4535211267605632
1.4559440559440557
1.4555555555555555
1.4551724137931032
1.4630136986301372
1.4687074829931972
1.4662162162162162
1.467785234899329
1.466
1.4668874172185429
1.4644736842105264
1.4686274509803923
1.4662337662337663
1.4651612903225806
1.4647435897435899
1.467515923566879
1.4727848101265821
1.4735849056603774
1.476875
1.4720496894409938
1.4709876543209877
1.4766871165644173
1.481707317073171
1.4866666666666668
1.4963855421686745
1.4970059880239521
1.4946428571428572
1.4964497041420117
1.4941176470588236
1.4929824561403509
1.4924418604651164
1.5017341040462429
1.5011494252873565
1.502857142857143
1.5079545454545453
1.5107344632768362
1.5179775280898875
1.516201117318436
1.5183333333333333
1.5176795580110498
1.514835164835165
1.516393442622951
1.5217391304347827
1.5205405405405406
1.5252688172043012
1.5262032085561497
1.5292553191489364
1.532804232804233
1.54
1.5361256544502617
1.5348958333333331
1.5362694300518136
1.5360824742268044
1.5394871794871794
1.5403061224489796
1.5431472081218276
1.5434343434343436
1.5457286432160806
1.5475
1.5512437810945272
1.5524752475247525
1.551231527093596
1.5534313725490196
1.5551219512195122
1.557766990291262
1.5647342995169082
1.5644230769230767
1.5669856459330145
1.5685714285714287
1.5696682464454976
1.574056603773585
1.5732394366197182
1.5728971962616822
1.5688372093023255
1.5685185185185186
1.5700460829493086
1.5692660550458715
1.5726027397260274
1.5699999999999998
1.571493212669683
1.574774774774775
1.5735426008968614
1.575
1.5764444444444443
1.5774336283185844
1.577533039647577
1.580263157894737
1.5786026200873366
1.5808695652173914
1.5835497835497834
1.5801724137931032
1.5849785407725323
1.5876068376068375
1.585957446808511
1.5855932203389829
1.5873417721518988
1.587394957983193
1.5903765690376572
1.5954166666666667
1.5975103734439835
1.5975206611570247
1.5950617283950619
1.598360655737705
1.5963265306122447
1.6016260162601625
1.6036437246963562
1.602016129032258
1.6032128514056225
1.6092
1.609163346613546
1.6055555555555554
1.6083003952569168
1.6082677165354329
1.6125490196078431
1.61171875
1.6124513618677043
1.6139534883720927
1.6154440154440155
1.616923076923077
1.6183908045977013
1.6206106870229011
1.620152091254753
1.6227272727272726
1.626037735849057
1.6255639097744363
1.6265917602996254
1.6350746268656717
1.637918215613383
1.6381481481481484
1.641328413284133
1.643014705882353
1.6432234432234434
1.644160583941606
1.6530909090909092
1.6568840579710145
1.6574007220216607
1.6586330935251798
1.658064516129032
1.6592857142857143
1.6587188612099646
1.6595744680851066
1.6593639575971733
1.658450704225352
1.662456140350877
1.6646853146853147
1.6668989547038329
1.675
1.6768166089965397
1.6824137931034486
1.684192439862543
1.6863013698630138
1.6918088737201367
1.6918367346938776
1.6983050847457626
1.7030405405405407
1.705050505050505
1.7090604026845635
1.7137123745819398
1.7146666666666668
1.720265780730897
1.7192052980132448
1.7224422442244225
1.724013157894737
1.7242622950819673
1.7251633986928105
1.7263843648208472
1.7279220779220779
1.7300970873786408
1.7335483870967743
1.7372990353697748
1.7419871794871795
1.7504792332268373
1.7525477707006367
1.7555555555555558
1.7588607594936712
1.7640378548895899
1.7688679245283017
1.7702194357366772
1.7731249999999998
1.7797507788161995
1.7801242236024843
1.7823529411764707
1.7796296296296297
1.7827692307692309
1.7846625766871167
1.785321100917431
1.783841463414634
1.7860182370820668
1.7884848484848486
1.7894259818731117
1.7876506024096386
1.786186186186186
1.7877245508982036
1.7907462686567164
1.7895833333333335
1.7893175074183971
1.7890532544378697
1.787905604719764
1.7873529411764708
1.7888563049853374
1.7897660818713454
1.7874635568513118
1.788953488372093
1.7907246376811592
1.7985549132947978
1.8011527377521617
1.801149425287356
1.8020057306590256
1.802285714285714
1.8022792022792022
1.8017045454545453
1.8096317280453256
1.8152542372881357
1.8177464788732398
1.8160112359550564
1.8215686274509804
1.8226256983240223
1.8220055710306409
1.8258333333333332
1.8315789473684212
1.8353591160220997
1.8371900826446281
1.8362637362637364
1.841917808219178
1.845355191256831
1.8542234332425072
1.8570652173913043
1.864227642276423
1.8624324324324324
1.8628032345013477
1.8658602150537635
1.8670241286863267
1.8721925133689843
1.8741333333333334
1.879255319148936
1.880371352785146
1.8817460317460317
1.8862796833773086
1.889736842105263
1.8965879265091865
1.8976439790575916
1.902349869451697
1.9046875000000003
1.9075324675324672
1.9095854922279791
1.9121447028423773
1.9121134020618555
1.9146529562982004
1.9151282051282053
1.9166240409207163
1.918112244897959
1.9185750636132315
1.9220812182741116
1.9248101265822783
1.925
1.929219143576826
1.9329145728643216
1.9348370927318297
1.9367499999999995
1.938154613466334
1.9388059701492537
1.9399503722084366
1.9403465346534652
1.942716049382716
1.9431034482758622
1.9432432432432432
1.9419117647058826
1.9422982885085573
1.9443902439024388
1.9472019464720194
1.9461165048543687
1.946489104116223
1.9468599033816425
1.9467469879518071
1.9471153846153846
1.951798561151079
1.9521531100478469
1.9520286396181388
1.9530952380952382
1.9513064133016627
1.951658767772512
1.9515366430260044
1.9528301886792456
1.9531764705882353
1.955399061032864
1.9566744730679158
1.9572429906542055
1.9596736596736597
1.9613953488372093
1.962877030162413
1.9627314814814816
1.9635103926096995
1.9629032258064512
1.9643678160919542
1.9688073394495411
1.9693363844393592
1.969406392694064
1.967653758542141
1.967727272727273
1.9691609977324263
1.970135746606335
1.9704288939051922
1.9702702702702701
1.9746067415730333
1.97847533632287
1.9794183445190157
1.9810267857142858
1.9837416481069041
1.9835555555555555
1.985809312638581
1.9856194690265485
1.9887417218543042
1.9911894273127753
1.990989010989011
1.9923245614035086
1.9989059080962797
1.9991266375545849
2.0000000000000004
2.0026086956521736
2.002169197396963
2.0025974025974027
2.0062634989200867
2.007112068965517
2.0075268817204304
2.0096566523605146
2.0098501070663812
2.01025641025641
2.0104477611940297
2.012340425531915
2.0146496815286623
2.014618644067797
2.016913319238901
2.0160337552742615
2.0155789473684207
2.016596638655462
2.018448637316562
2.0177824267782425
2.018997912317328
2.0185416666666667
2.0201663201663203
2.021161825726141
2.0227743271221534
2.024586776859504
2.0282474226804124
2.029835390946502
2.0308008213552364
2.031147540983606
2.034764826175869
2.0359183673469383
2.034826883910387
2.0357723577235776
2.0371196754563896
2.0384615384615388
2.0385858585858587
2.0401209677419354
2.040845070422535
2.0413654618473895
2.0414829659318636
2.0438
2.0477045908183635
2.0503984063745024
2.0530815109343936
2.0531746031746034
2.053069306930693
2.051778656126482
2.054043392504931
2.0549212598425197
2.055795677799607
2.0594117647058825
2.061252446183953
2.0625
2.062768031189084
2.064396887159533
2.0654368932038834
2.0689922480620155
2.072147001934236
2.075675675675676
2.0799614643545277
2.082115384615385
2.0871401151631477
2.090421455938697
2.092160611854685
2.093702290076336
2.092571428571429
2.096768060836502
2.096394686907021
2.096022727272727
2.099432892249527
2.0992452830188677
2.1
2.1
2.10093808630394
2.101685393258427
2.1022429906542057
2.103358208955224
2.105214152700186
2.1055762081784386
2.1066790352504636
2.107962962962963
2.109057301293901
2.1116236162361623
2.1114180478821365
2.1121323529411766
2.112293577981651
2.111904761904762
2.113528336380256
2.113686131386862
2.116211293260473
2.115272727272727
2.114519056261343
2.116485507246377
2.121157323688969
2.1211191335740076
2.1203603603603605
2.123381294964029
2.1240574506283663
2.124551971326165
2.1245080500894455
2.125714285714286
2.1265597147950084
2.127935943060498
2.128241563055062
2.1290780141843966
2.129557522123894
2.1302120141342753
2.1285714285714286
2.130281690140845
2.131458699472759
2.1314035087719296
2.1336252189141858
2.1337412587412588
2.133507853403141
2.1350174216027873
2.136347826086957
2.1354166666666665
2.134835355285962
2.135294117647059
2.1362694300518137
2.135689655172414
2.136833046471601
2.1364261168384884
2.137735849056604
2.139383561643836
2.1417094017094014
2.1421501706484642
2.143100511073254
2.1457482993197283
2.1455008488964347
2.145254237288136
2.1465313028764808
2.1493243243243243
2.1499156829679595
2.1505050505050507
2.1514285714285712
2.1543624161073827
2.1547738693467333
2.1563545150501673
2.1565943238731218
2.1578333333333335
2.159900166389351
2.1593023255813955
2.161028192371476
2.1660596026490064
2.1684297520661158
2.1694719471947197
2.1705107084019772
2.169572368421053
2.170279146141215
2.1704918032786886
2.1723404255319148
2.174509803921569
2.176508972267537
2.177687296416938
2.179512195121952
2.1790584415584417
2.1789303079416533
2.1794498381877023
2.1812600969305334
2.181129032258064
2.182930756843801
2.182154340836013
2.1837881219903688
2.184455128205128
2.1852800000000006
2.1843450479233226
2.185964912280702
2.187261146496815
2.18966613672496
2.1900000000000004
2.1922345483359744
2.1933544303797468
2.1933649289099524
2.194006309148265
2.1949606299212596
2.19685534591195
2.1971742543171113
2.1974921630094046
2.198278560250391
2.2004687499999998
2.2020280811232444
2.203115264797508
2.2031104199066873
2.2034161490683233
2.2068217054263566
2.208204334365325
2.2095826893353943
2.2123456790123455
2.213251155624037
2.2143076923076923
2.213978494623656
2.21441717791411
2.216539050535988
2.2185015290519874
2.22030534351145
2.220731707317073
2.2220700152207002
2.2217325227963522
2.2224582701062214
2.2218181818181817
2.222087745839637
2.221752265861027
2.222322775263952
2.2224397590361447
2.2237593984962407
2.2253753753753758
2.2274362818590707
2.2284431137724554
2.2286995515695063
2.22910447761194
2.23070044709389
2.2296130952380953
2.2300148588410105
2.2304154302670627
2.22962962962963
2.2306213017751477
2.2307237813884786
2.2321533923303836
2.2349042709867453
2.2345588235294116
2.2359765051395004
2.2376832844574777
2.241142020497804
2.242690058479532
2.2427737226277373
2.2440233236151603
2.2448326055312955
2.244331395348837
2.2445573294629897
2.24536231884058
2.2477568740955136
2.248988439306358
2.2513708513708512
2.2528818443804033
2.2519424460431656
2.2521551724137927
2.25222381635581
2.2507163323782233
2.251788268955651
2.252142857142857
2.2530670470756062
2.2535612535612533
2.2539118065433854
2.255113636363636
2.2563120567375883
2.255949008498584
2.2581329561527577
2.2573446327683615
2.257827926657263
2.259154929577465
2.257805907172996
2.2570224719101124
2.2579242636746146
2.257983193277311
2.2586013986013986
2.2587988826815644
2.2608089260808923
2.2625348189415044
2.2630041724617525
2.2624999999999997
2.2636615811373093
2.2632963988919665
2.263070539419087
2.265193370165746
2.2653793103448274
2.2663911845730027
2.265612104539202
2.26510989010989
2.266255144032922
2.266986301369863
2.2677154582763337
2.268169398907104
2.269031377899045
2.268801089918256
2.269795918367347
2.272146739130435
2.273677069199457
2.2742547425474253
2.2761840324763196
2.2752702702702705
2.2753036437246963
2.2783018867924527
2.280080753701211
2.282258064516129
2.2836241610738255
2.2848525469168903
2.2862115127175366
2.286363636363636
2.2875834445927903
2.2887999999999997
2.288948069241012
2.292154255319149
2.2933598937582995
2.294164456233422
2.2954966887417223
2.2966931216931217
2.298414795244386
2.2990765171503957
2.300131752305665
2.300789473684211
2.3032851511169516
2.3070866141732282
2.308125819134993
2.3083769633507853
2.3083660130718955
2.308093994778068
2.311473272490222
2.3119791666666663
2.31261378413524
2.3125974025974028
2.312710765239948
2.315025906735751
2.315394566623545
2.3165374677002584
2.319096774193549
2.318298969072165
2.317245817245817
2.3181233933161955
2.319255455712452
2.317820512820513
2.318053777208707
2.320076726342711
2.321455938697318
2.3220663265306123
2.3230573248407644
2.323409669211196
2.3252858958068616
2.326649746192893
2.328010139416984
2.3298734177215197
2.3316055625790137
2.3321969696969695
2.332156368221942
2.331738035264484
2.3327044025157226
2.3321608040201007
2.332120451693852
2.3315789473684214
2.332665832290363
2.3328749999999996
2.3350811485642944
2.335286783042394
2.3347447073474465
2.336069651741293
2.3378881987577644
2.3383374689826297
2.3384138785625774
2.338613861386139
2.3401730531520397
2.3401234567901232
2.340073982737361
2.3407635467980294
2.341082410824108
2.3402948402948405
2.3393865030674847
2.338602941176471
2.339290085679315
2.339242053789731
2.339194139194139
2.3390243902439023
2.3404384896467723
2.340875912408759
2.3408262454434996
2.3407766990291266
2.34339393939394
2.345278450363196
2.3466747279322853
2.347584541062802
2.3480096501809404
2.349156626506024
2.3507821901323704
2.352884615384615
2.3539015606242493
2.3532374100719426
2.3537724550898202
2.354425837320574
2.356152927120669
2.357756563245823
2.3567342073897497
2.3564285714285718
2.3564803804994052
2.3581947743467935
2.3587188612099643
2.359478672985782
2.359644970414201
2.3613475177304966
2.3609208972845335
2.3600235849056603
2.360424028268551
2.3598823529411765
2.3606345475910695
2.360328638497653
2.3609613130128957
2.3608899297423886
2.36140350877193
2.3621495327102804
2.362310385064178
2.3629370629370627
2.3625145518044235
2.362558139534884
2.363414634146342
2.3641531322505807
2.3631517960602544
2.363194444444445
2.3641618497109826
2.3646651270207855
2.366089965397924
2.3662442396313366
2.3663981588032224
2.3673563218390807
2.366934557979334
2.367201834862386
2.3678121420389457
2.367620137299771
2.3681142857142854
2.367579908675799
2.3669327251995442
2.366970387243736
2.3675767918088737
2.3668181818181817
2.367423382519864
2.367913832199546
2.369082672706682
2.368891402714932
2.370056497175141
2.369864559819413
2.3709131905298757
2.3698198198198197
2.3704161979752536
2.3710112359550566
2.3718294051627384
2.3734304932735424
2.3746920492721166
2.374496644295302
2.374748603351955
2.375223214285714
2.376811594202899
2.3776169265033404
2.378754171301446
2.3800000000000003
2.3803551609322975
2.3817073170731704
2.382281284606866
2.3827433628318584
2.383314917127072
2.384216335540839
2.3841234840132306
2.384581497797357
2.385478547854786
2.387032967032967
2.38814489571899
2.3882675438596492
2.388389923329682
2.388183807439825
2.3892896174863387
2.389410480349345
2.3894220283533256
2.3909586056644883
2.390968443960827
2.391086956521739
2.3914223669923995
2.392299349240781
2.394041170097508
2.3946969696969695
2.395135135135135
2.395356371490281
2.3944983818770225
2.3949353448275863
2.3974165769644773
2.3974193548387097
2.3978517722878623
2.3978540772532186
2.3978563772775994
2.3982869379014993
2.3978609625668446
2.3974358974358974
2.398399146211313
2.398081023454158
2.3989350372736955
2.3990425531914896
2.400212539851222
2.3998938428874736
2.4007423117709434
2.4010593220338983
2.4017989417989423
2.4014799154334043
2.4013727560718054
2.401898734177215
2.4027397260273977
2.403578947368421
2.4025236593059933
2.4042016806722692
2.4054564533053515
2.4055555555555554
2.4054450261780103
2.4052301255230124
2.4073145245559036
2.406680584551148
2.406465067778936
2.406458333333333
2.4081165452653486
2.4075883575883577
2.409657320872274
2.4101659751037343
2.409222797927461
2.4099378881987574
2.4095139607032054
2.4100206611570245
2.4106295149638806
2.410824742268041
2.4117404737384143
2.4114197530864194
2.412744090441932
2.4134496919917865
2.413846153846154
2.413319672131147
2.415046059365404
2.4155419222903887
2.4159346271705817
2.4169387755102036
2.4174311926605507
2.4173116089613034
2.4168870803662257
2.4173780487804875
2.4176649746192895
2.4178498985801213
2.4193515704154
2.4192307692307695
2.419413549039434
2.4194949494949496
2.4194752774974773
2.4205645161290326
2.420946626384693
2.422837022132797
2.423819095477387
2.424698795180723
2.4263791374122365
2.4262525050100203
2.4269269269269267
2.4276
2.428771228771229
2.430738522954092
2.4311066799601195
2.430677290836653
2.432537313432836
2.432405566600398
2.4333664349553126
2.4331349206349207
2.433696729435084
2.433267326732673
2.433432245301682
2.4335968379446635
2.434649555774926
2.4340236686390537
2.4346798029556647
2.434842519685039
2.4364798426745327
2.4383104125736743
2.439057899901864
2.438235294117647
2.437904015670911
2.439921722113503
2.4408602150537635
2.44208984375
2.442146341463414
2.4428849902534107
2.442161635832522
2.443871595330739
2.444897959183673
2.4464077669902915
2.448108632395732
2.448837209302326
2.4489835430784126
2.4499032882011607
2.4507246376811596
2.450772200772201
2.4511089681774347
2.451830443159923
2.4536092396535127
2.45375
2.4543707973102786
2.453934740882917
2.4539789069990414
2.453735632183908
2.4539712918660284
2.4558317399617593
2.4555873925501435
2.4557251908396944
2.4568160152526213
2.4575238095238094
2.4586108468125594
2.459790874524715
2.460873694207027
2.4603415559772297
2.460568720379147
2.461268939393939
2.462819299905392
2.462854442344045
2.464872521246459
2.4649056603773585
2.4644674835061267
2.464595103578154
2.465663217309501
2.4667293233082708
2.4664788732394363
2.4663227016885556
2.466729147141518
2.4664794007490634
2.4681945743685687
2.4681308411214955
2.467880485527544
2.468283582089552
2.4702702702702704
2.4708566108007446
2.4710697674418602
2.472211895910781
2.4725162488393684
2.4739332096474955
2.474791473586654
2.4749074074074073
2.47622571692877
2.4764325323475047
2.4771929824561405
2.4776752767527674
2.4776958525345623
2.478453038674033
2.4793928242870287
2.4793198529411766
2.479981634527089
2.4807339449541286
2.482034830430797
2.482417582417582
2.48316559926807
2.4841864716636195
2.4843835616438357
2.484580291970803
2.484685505925251
2.4845173041894353
2.486078252957234
2.4872727272727273
2.4891008174386924
2.4908348457350273
2.490933816863101
2.4920289855072464
2.493212669683258
2.4942133815551535
2.494037940379404
2.4946750902527075
2.4954012623985573
2.4964864864864866
2.4963996399639963
2.4975719424460436
2.5004492362982926
2.500359066427289
2.5011659192825113
2.500985663082438
2.501342882721576
2.501073345259392
2.502770330652368
2.503303571428572
2.5039250669045496
2.5049910873440284
2.5050756901157616
2.505160142348754
2.5048000000000004
2.5045293072824153
2.5057675244010644
2.506382978723404
2.5066430469441983
2.506371681415929
2.507515473032715
2.5070671378091873
2.508384819064431
2.5094356261022925
2.5088986784140968
2.5084507042253525
2.5090589270008796
2.5087873462214416
2.5093064091308164
2.509298245614035
2.509640666082384
2.5100700525394046
2.509273840769904
2.510314685314685
2.512314410480349
2.51282722513089
2.513077593722755
2.513937282229965
2.5136640557006094
2.513217391304348
2.513640312771503
2.513020833333333
2.512575888985256
2.5117850953206236
2.512813852813853
2.5122837370242217
2.5126188418323254
2.5123488773747846
2.512338222605695
2.5123275862068963
2.5125753660637384
2.5122203098106715
2.5127257093723125
2.5136597938144334
2.513905579399141
2.5148370497427104
2.5162810625535563
2.517465753424658
2.5181351582549185
2.5183760683760688
2.5180187873612296
2.51962457337884
2.5205456095481673
2.5203577512776834
2.520510638297872
2.521513605442177
2.52285471537808
2.5232597623089985
2.523748939779474
2.524830508474577
2.5243014394580863
2.5254653130287648
2.525105663567202
2.5250000000000004
2.5258227848101265
2.526222596964587
2.5267059814658803
2.527020202020202
2.5267451640033642
2.527310924369748
2.527455919395466
2.5275167785234895
2.5273260687342836
2.5278056951423786
2.52836820083682
2.528929765886288
2.5292397660818713
2.5297996661101836
2.530025020850709
2.5303333333333335
2.5303080766028314
2.531114808652246
2.5319201995012466
2.5314784053156147
2.5320331950207473
2.5318407960199005
2.532145816072908
2.53294701986755
2.5332506203473946
2.534132231404959
2.5342691990090835
2.5350660066006596
2.53520197856554
2.535255354200989
2.5353909465020577
2.5356907894736844
2.536565324568611
2.536535303776683
2.536587366694012
2.5372950819672133
2.5386568386568387
2.5384615384615388
2.538838920686836
2.5392156862745097
2.5402448979591834
2.540783034257749
2.5404237978810107
2.5406351791530946
2.5414157851912127
2.541463414634147
2.541429731925264
2.5412337662337667
2.5420924574209245
2.5413290113452183
2.541862348178138
2.541585760517799
2.5424413904607923
2.541680129240711
2.5422114608555284
2.5418548387096775
2.541337630942788
2.5411433172302744
2.54070796460177
2.5401125401929265
2.540080321285141
2.5402889245585873
2.5395348837209304
2.538942307692307
2.538991192954364
2.53944
2.538928856914468
2.5385782747603836
2.538148443735036
2.537719298245614
2.5382470119521914
2.5384554140127387
2.538663484486874
2.5389507154213034
2.539316918189039
2.539126984126985
2.5394924662965903
2.539064976228209
2.539192399049881
2.539240506329114
2.540474308300395
2.540679304897315
2.5408839779005525
2.541798107255521
2.5423955870764385
2.5432283464566927
2.5442958300550744
2.544575471698113
2.544069128043991
2.5445839874411305
2.5454117647058823
2.54576802507837
2.545888801879405
2.545931142410016
2.5464425332290856
2.5464062499999995
2.5475409836065572
2.5483619344773794
2.5481683554169914
2.550077881619938
2.5502723735408566
2.5510886469673406
2.5518259518259514
2.5527173913043475
2.5541505042668735
2.5536434108527133
2.554066615027111
2.5541021671826623
2.5542923433874707
2.55564142194745
2.556911196911197
2.5574074074074074
2.5578257517347724
2.5582434514637904
2.558429561200924
2.558461538461539
2.560030745580323
2.560138248847926
2.5607828089025326
2.560352760736196
2.559540229885058
2.5601837672281778
2.560061208875287
2.5603211009174314
2.5614209320091677
2.5617557251908396
2.5613272311212816
2.5613567073170733
2.5623000761614625
2.562404870624049
2.562205323193916
2.5619300911854097
2.561807137433561
2.5616843702579666
2.5621683093252465
2.5618181818181816
2.562301286903861
2.5617246596066563
2.5619047619047617
2.561253776435045
2.5621132075471693
2.5625942684766216
2.562547098718915
2.561972891566265
2.5620767494356658
2.5621804511278197
2.5619834710743805
2.561786786786787
2.56219054763691
2.5624437781109446
2.5635205992509364
2.5641467065868264
2.5647718773373223
2.5655455904334827
2.566094100074683
2.5659701492537317
2.566144668158091
2.5662444113263785
2.5665673864482494
2.567038690476191
2.5681784386617093
2.569093610698366
2.569710467706013
2.57173590504451
2.571905114899926
2.5716296296296295
2.572242783123612
2.573076923076923
2.5730229120473025
2.573042836041359
2.573579335793358
2.573156342182891
2.5742815033161386
2.573858615611193
2.574245768947756
2.5743382352941175
2.5746509919177076
2.575624082232012
2.5774027879677184
2.57800586510264
2.577728937728938
2.5781844802342606
2.578054133138259
2.5785087719298247
2.579035792549306
2.5789781021897804
2.5798687089715537
2.5801749271137027
2.5809905316824473
2.5812954876273655
2.5824000000000003
2.582485465116279
2.583369644153958
2.583381712626996
2.5829586656997825
2.582971014492754
2.5834902244750184
2.5838639652677275
2.583803326102675
2.5838872832369946
2.584476534296029
2.5851370851370854
2.5847152126892574
2.5842939481268012
2.5843772498200144
2.5848920863309353
2.585334291876348
2.586853448275862
2.586862885857861
2.588091822094692
2.5895340501792115
2.5899713467048713
2.5904080171796706
2.590271816881259
2.5917083631165116
2.592285714285714
2.5917201998572446
2.5915834522111276
2.5916607270135428
2.5924501424501423
2.5933096085409253
2.5935988620199146
2.593319118692253
2.5938920454545453
2.5941802696948186
2.5951773049645395
2.5951807228915666
2.5956798866855526
2.596815286624204
2.5975247524752474
2.59809187279152
2.598728813559322
2.599223712067749
2.5997884344146684
2.599788583509514
2.5994366197183103
2.600211118930331
2.6007735583684943
2.6011243851018975
2.6015449438202247
2.60161403508772
2.601683029453015
2.6013314646110723
2.6018907563025206
2.6019594121763467
2.602797202797203
2.603633822501747
2.604748603351955
2.6050942079553385
2.605230125523013
2.605574912891986
2.6055013927576605
2.606332637439109
2.6077190542420032
2.607922168172342
2.607708333333333
2.60735600277585
2.6075589459084605
2.607623007623008
2.607894736842105
2.608304498269896
2.608852005532503
2.6095369730476845
2.609185082872928
2.609109730848861
2.609310344827586
2.61013094417643
2.6109504132231405
2.610874053682037
2.611554332874828
2.612233676975945
2.6125
2.6137954701441317
2.614540466392318
2.615284441398218
2.6158219178082187
2.6164271047227925
2.616757865937072
2.6174299384825703
2.617964480874317
2.6183617747440273
2.6186221009549793
2.618882072256305
2.619141689373297
2.6204220558202858
2.6206802721088436
2.621210061182869
2.6207880434782607
2.620773930753564
2.62089552238806
2.62135593220339
2.622086720867209
2.62186865267434
2.6224627875507442
2.6227856659905338
2.6234459459459463
2.6232950708980423
2.6239541160593793
2.6244774106540794
2.6247304582210242
2.625454545454545
2.6255720053835803
2.6256893073301946
2.626881720430107
2.6273337810611146
2.6273154362416107
2.627431254191818
2.6274798927613943
2.6277963831212325
2.627576974564927
2.62742474916388
2.6269385026737964
2.6272545090180364
2.6281041388518025
2.6286857905270176
2.6286
2.629513657561626
2.629960053262317
2.6294743845642055
2.628656914893617
2.628106312292359
2.628486055776892
2.6280026542800266
2.6285145888594164
2.629158383035123
2.6298675496688744
2.629980145598941
2.630753968253968
2.630865829477859
2.6315059445178335
2.631287128712871
2.631200527704486
2.6317732366512856
2.6316864295125164
2.631797235023041
2.6319078947368424
2.6317554240631162
2.6314717477003944
2.631385423506238
2.6311679790026252
2.630426229508197
2.630078636959371
2.629469548133595
2.6299083769633507
2.630935251798561
2.6309150326797384
2.630894839973873
2.631135770234987
2.631833007175473
2.632398956975228
2.632247557003257
2.632486979166667
2.6326610279765776
2.633289986996099
2.633073424301495
2.632857142857143
2.6328358208955223
2.632490272373541
2.6328580686973426
2.6332901554404144
2.6333980582524275
2.633441138421734
2.6332902391725925
2.6333333333333333
2.633311814073596
2.6340645161290324
2.633784655061251
2.634278350515464
2.6349001931745013
2.6347490347490345
2.6343408360128615
2.634511568123393
2.6346820809248555
2.634724005134788
2.6347017318794097
2.634551282051282
2.63542600896861
2.6352112676056336
2.6353166986564296
2.6356777493606134
2.6354632587859426
2.6351213282247765
2.634779834077856
2.6350127551020406
2.6350541746335243
2.6350318471337575
2.6356460852959898
2.6358142493638677
2.6352193261284174
2.63576874205845
2.6359365079365076
2.6357868020304567
2.6375396322130626
2.6384664131812414
2.6392020265991136
2.6398101265822786
2.6414927261227072
2.6410872313527185
2.642008843967151
2.64229797979798
2.6428391167192427
2.6427490542244643
2.643856332703214
2.6448992443324935
2.6448709880427943
2.6450314465408806
2.6457573852922693
2.64641959798995
2.6462021343377273
2.646737766624843
2.646708463949843
2.646491228070176
2.6465873512836566
2.647622027534418
2.647842401500938
2.6478124999999997
2.647845096814491
2.6487515605493135
2.6492202121023083
2.6491895261845384
2.649906542056075
2.6504981320049814
2.65065339141257
2.6509950248756216
2.651460534493474
2.6524844720496894
2.652824332712601
2.6522332506203474
2.652634841909485
2.652912019826518
2.6528173374613004
2.6536509900990097
2.6544836116264685
2.654326328800989
2.6548486720197655
2.6543827160493825
2.6546576187538555
2.6551787916152896
2.6556377079482436
2.6564039408866997
2.6566769230769234
2.6568880688806886
2.656976029502151
2.6573095823095825
2.6575199508901166
2.6574233128834353
2.657694665849172
2.6582107843137255
2.6581139007960806
2.65875152998776
2.6592048929663603
2.6594132029339854
2.660476481368357
2.660561660561661
2.6615619280048812
2.66170731707317
2.662522851919561
2.6632155907429964
2.6639683505782106
2.6638686131386864
2.6654103343465048
2.665492102065614
2.665513054037644
2.6658373786407767
2.6661006670709524
2.666848484848485
2.6668079951544517
2.6676755447941893
2.6676346037507566
2.6678960096735187
2.667552870090635
2.6676328502415463
2.6677127338563666
2.6676718938480097
2.6678119349005422
2.6686746987951806
2.669175195665262
2.6699759326113117
2.6699338544798557
2.671033653846154
2.671711711711712
2.671908763505402
2.672765446910618
2.6730815347721824
2.674415817855003
2.6752095808383234
2.6758827049670857
2.675299043062201
2.6755528989838613
2.6753285543608127
2.674985074626865
2.6747016706443913
2.675372689326178
2.6759833134684152
2.676652769505658
2.676904761904762
2.676680547293278
2.67705112960761
2.6767082590612
2.676900237529691
2.6775074183976257
2.6774021352313166
2.6772969768820394
2.67760663507109
2.6779159265837773
2.677810650887574
2.6776463630987584
2.6776595744680853
2.678735971647962
2.6791027154663523
2.6789380530973452
2.679893867924528
2.6799057159693573
2.6807420494699645
2.6808711006474395
2.681529411764706
2.6822457378012934
2.682314923619271
2.6822665883734587
2.6822769953051644
2.6822287390029325
2.6816529894490038
2.681956649091974
2.6815573770491805
2.6812170860152134
2.681169590643275
2.681239041496201
2.681717289719626
2.6819030939871573
2.682263710618437
2.681924198250729
2.6820512820512823
2.6821199767035533
2.682654249126892
2.682373472949389
2.682848837209302
2.68390470656595
2.6853077816492457
2.6856065002901914
2.68538283062645
2.686144927536232
2.687601390498262
2.6878980891719744
2.6886574074074074
2.6890109890109892
2.6889595375722544
2.690467937608319
2.691743648960739
2.6920946335833813
2.6933679354094577
2.693371757925072
2.6938940092165904
2.6947035118019573
2.6948216340621403
2.6949971247843587
2.6950000000000003
2.6966111430212525
2.697014925373135
2.697705106138841
2.697935779816514
2.6989111747851
2.6993127147766325
2.6989696622781914
2.6989130434782607
2.699828473413379
2.7001714285714287
2.7002284408909194
2.7003424657534247
2.700228180262407
2.7003420752565566
2.7004558404558408
2.7009111617312076
2.7013659647125783
2.701080773606371
2.7011938601478116
2.700909090909091
2.7014764338444066
2.701305334846765
2.700964265456608
2.7008503401360544
2.7006232294617565
2.700283125707814
2.7003395585738543
2.6998303167420814
2.7001130582249857
2.700508474576271
2.7012422360248443
2.701354401805869
2.7012972363226173
2.7019165727170233
2.7020845070422532
2.7024774774774776
2.7027011817670226
2.70281214848144
2.7034288926363126
2.703370786516854
2.7034811903425044
2.7045454545454546
2.7048794167134043
2.7046524663677127
2.7047058823529415
2.7047032474804027
2.7051482932288757
2.7053691275167786
2.706204583566238
2.7064245810055865
2.7064768285873813
2.70703125
2.7068600111544896
2.7077480490523973
2.707799442896936
2.707461024498887
2.708347245409015
2.708843159065629
2.708560311284047
2.7085555555555554
2.709328151027207
2.7092674805771364
2.709262340543538
2.709866962305987
2.7102493074792244
2.7121816168327797
2.7122855561704484
2.7126659292035398
2.712603648424544
2.7130386740331494
2.7133627829928217
2.713300220750552
2.714561500275786
2.714222712238148
2.7138842975206616
2.7137665198237886
2.713593835993396
2.7144114411441147
2.714293567894448
2.714010989010989
2.714607358594179
2.715312843029637
2.7158529895776193
2.7163925438596492
2.716986301369863
2.7174698795180725
2.7177339901477833
2.718271334792122
2.7192454893384364
2.719726775956284
2.7199890770071002
2.721015283842795
2.7211674849972725
2.722137404580153
2.7227792915531337
2.7235838779956425
2.7235710397387045
2.724374319912949
2.7247960848287116
2.7251630434782603
2.7255839217816407
2.7262757871878396
2.7259902333152466
2.7258676789587852
2.7268292682926827
2.7280606717226434
2.728262046561992
2.7295454545454545
2.7303948080043265
2.730216216216216
2.7310642895732036
2.7315874730021603
2.731894225580141
2.7325782092772384
2.7330997304582207
2.733028017241379
2.73290253096392
2.7324004305705056
2.7322754168908014
2.732258064516129
2.7323481998925305
2.731954887218045
2.7323134728931833
2.7322424892703863
2.7327077747989277
2.7326366559485527
2.7325656132833425
2.732494646680942
2.732637774210808
2.732780748663101
2.733083912346339
2.732959401709402
2.734063000533903
2.7340981856990396
2.733706666666667
2.733368869936034
2.7348961108151304
2.7349307774227904
2.7354976051091007
2.7356382978723404
2.7365762892078678
2.73682252922423
2.7366967604885817
2.7365180467091297
2.736763925729443
2.736691410392365
2.7370959194488607
2.7367055084745764
2.7371625198517733
2.7373544973544974
2.737652035959809
2.7377906976744186
2.7396196513470676
2.7402323125659978
2.7414775725593663
2.7418776371308016
2.7424354243542437
2.7430453108535304
2.743496577145866
2.7440526315789477
2.744397685428722
2.744637223974764
2.7448765107724644
2.7452731092436977
2.7458267716535434
2.7461175236096538
2.7459884635553227
2.746331236897275
2.7469879518072293
2.74848167539267
2.748299319727891
2.748744769874477
2.749555671719812
2.750574712643678
2.7514882506527414
2.7523486430062634
2.7528951486697966
2.752763295099061
2.753048462741011
2.7529166666666667
2.753409682457053
2.7535379812695107
2.7544461778471137
2.7542619542619544
2.754753246753247
2.7555036344755965
2.75531914893617
2.755238589211618
2.7554691550025923
2.7559585492227976
2.75567063697566
2.7554347826086953
2.7561303673047077
2.7564632885211995
2.756692506459948
2.756714876033058
2.757046979865772
2.757275541795666
2.758277462609593
2.7586082474226803
2.7584234930448224
2.7593202883625128
2.7593926917138445
2.7598765432098764
2.7598457583547558
2.760071942446043
2.760657421674371
2.7611909650924025
2.7621344279117497
2.7625128205128204
2.7624807790876473
2.7627049180327874
2.762826420890937
2.7631013306038894
2.7637851662404094
2.764519427402863
2.7646397547266224
2.7649642492339117
2.7649310872894333
2.7652551020408165
2.7657827638959716
2.7661060142711515
2.7664798777381563
2.7668024439918533
2.7673282442748093
2.7676500508646997
2.7674123029994915
2.767327235772358
2.7680040629761296
2.768274111675127
2.769203450025368
2.7695740365111563
2.7696908261530666
2.769908814589666
2.770582278481013
2.7703947368421056
2.7710672736469397
2.7715369059656223
2.7721576553815055
2.7727777777777773
2.7729934376577487
2.77401614530777
2.774079677256682
2.774344758064516
2.774911838790932
2.77527693856999
2.775792652239557
2.77625754527163
2.777224736048266
2.777286432160804
2.7773480662983423
2.777208835341365
2.777571500250878
2.77753259779338
2.777794486215539
2.7776553106212427
2.777966950425639
2.7782282282282287
2.7784392196098056
2.7788000000000004
