1.1
1.6
1.4333333333333331
1.425
1.4000000000000001
1.4333333333333331
1.557142857142857
1.5
1.4666666666666668
1.44
1.390909090909091
1.4333333333333331
1.4
1.4071428571428573
1.4266666666666667
1.4125
1.4411764705882353
1.438888888888889
1.4473684210526314
1.455
1.4523809523809523
1.4636363636363636
1.473913043478261
1.4833333333333332
1.4840000000000002
1.476923076923077
1.4592592592592595
1.475
1.4689655172413794
1.4666666666666663
1.470967741935484
1.46875
1.4848484848484849
1.4823529411764704
1.4914285714285713
1.4861111111111112
1.4810810810810813
1.4789473684210526
1.482051282051282
1.4925
1.4951219512195124
1.488095238095238
1.4790697674418607
1.4863636363636368
1.4866666666666666
1.4782608695652173
1.4808510638297872
1.4812500000000002
1.4795918367346936
1.468
1.476470588235294
1.475
1.4698113207547172
1.4703703703703703
1.476363636363636
1.4714285714285713
1.470175438596491
1.4586206896551723
1.4508474576271186
1.4533333333333334
1.4508196721311475
1.4516129032258065
1.4476190476190476
1.45
1.4476923076923076
1.45
1.4462686567164178
1.4441176470588235
1.4478260869565216
1.4514285714285715
1.4492957746478872
1.4416666666666667
1.4452054794520548
1.4418918918918922
1.4426666666666665
1.4407894736842104
1.4545454545454546
1.453846153846154
1.449367088607595
1.4549999999999998
1.4530864197530864
1.4548780487804875
1.4590361445783133
1.4642857142857146
1.46
1.4616279069767442
1.4655172413793103
1.4590909090909092
1.456179775280899
1.461111111111111
1.4582417582417582
1.4608695652173913
1.460215053763441
1.4595744680851066
1.4568421052631577
1.4541666666666666
1.449484536082474
1.4448979591836735
1.4414141414141415
1.445
1.4465346534653467
1.4441176470588235
1.4388349514563108
1.4374999999999998
1.4409523809523808
1.436792452830189
1.4308411214953272
1.4268518518518518
1.426605504587156
1.4236363636363634
1.4225225225225224
1.4232142857142855
1.423008849557522
1.4245614035087717
1.4200000000000002
1.4172413793103449
1.4136752136752135
1.4194915254237288
1.4134453781512606
1.4108333333333334
1.4107438016528926
1.410655737704918
1.4073170731707316
1.4
1.3992
1.3936507936507936
1.3905511811023623
1.390625
1.3852713178294573
1.3792307692307693
1.383969465648855
1.3803030303030304
1.3857142857142857
1.3843283582089552
1.3822222222222225
1.3830882352941178
1.3854014598540147
1.3782608695652174
1.3820143884892087
1.3764285714285713
1.3787234042553191
1.3809859154929576
1.3797202797202797
1.3833333333333333
1.3827586206896552
1.3808219178082193
1.3857142857142857
1.3885135135135136
1.3926174496644295
1.3873333333333333
1.390728476821192
1.3967105263157895
1.4026143790849672
1.4058441558441561
1.4083870967741936
1.4102564102564101
1.4197452229299363
1.422151898734177
1.4226415094339626
1.424375
1.429813664596273
1.4283950617283951
1.4269938650306748
1.425609756097561
1.4248484848484846
1.4240963855421687
1.4227544910179641
1.4273809523809524
1.4254437869822485
1.4294117647058824
1.4304093567251461
1.4296511627906976
1.4283236994219652
1.427586206896552
1.4320000000000002
1.434659090909091
1.4378531073446328
1.4353932584269664
1.441340782122905
1.4444444444444444
1.4519337016574585
1.4500000000000002
1.4513661202185795
1.452717391304348
1.454054054054054
1.453225806451613
1.4582887700534761
1.4611702127659574
1.4650793650793648
1.4647368421052631
1.4643979057591623
1.4661458333333335
1.4720207253886008
1.4721649484536083
1.4748717948717949
1.4841836734693876
1.4862944162436549
1.4838383838383837
1.4839195979899498
1.485
1.4855721393034824
1.4841584158415841
1.4847290640394086
1.4877450980392157
1.4882926829268295
1.491747572815534
1.4961352657004832
1.4947115384615384
1.5014354066985645
1.5052380952380953
1.5075829383886257
1.5141509433962264
1.5173708920187794
1.516355140186916
1.5195348837209304
1.5212962962962966
1.5244239631336405
1.5275229357798166
1.5360730593607306
1.5354545454545456
1.5371040723981901
1.5414414414414412
1.5434977578475335
1.5455357142857142
1.548888888888889
1.552212389380531
1.5537444933920703
1.555263157894737
1.5558951965065504
1.557826086956522
1.5584415584415585
1.5577586206896552
1.5622317596566524
1.5611111111111113
1.5659574468085107
1.5669491525423727
1.5679324894514768
1.5689075630252103
1.5719665271966528
1.5729166666666665
1.5730290456431537
1.572314049586777
1.5753086419753086
1.5770491803278688
1.5787755102040817
1.5788617886178862
1.5789473684210524
1.5814516129032257
1.5855421686746987
1.5852
1.5872509960159362
1.586111111111111
1.5897233201581025
1.587007874015748
1.5898039215686277
1.59296875
1.5949416342412452
1.5996124031007752
1.6034749034749034
1.6034615384615385
1.6026819923371647
1.6076335877862593
1.6064638783269962
1.6094696969696969
1.6120754716981132
1.6169172932330826
1.6191011235955055
1.622761194029851
1.624163568773234
1.6274074074074072
1.629889298892989
1.6305147058823528
1.6333333333333335
1.6346715328467152
1.6363636363636362
1.640217391304348
1.6389891696750905
1.6424460431654677
1.6473118279569892
1.6507142857142856
1.6519572953736656
1.650709219858156
1.6512367491166078
1.6517605633802817
1.656842105263158
1.6552447552447553
1.6536585365853658
1.6520833333333336
1.651903114186851
1.650689655172414
1.6515463917525774
1.6541095890410962
1.6563139931740611
1.6564625850340136
1.664406779661017
1.6635135135135133
1.6616161616161615
1.666778523489933
1.6682274247491637
1.6696666666666666
1.6737541528239201
1.6781456953642384
1.6831683168316829
1.6851973684210528
1.6881967213114752
1.688235294117647
1.686644951140065
1.6831168831168832
1.6825242718446602
1.6864516129032256
1.6861736334405149
1.687179487179487
1.6865814696485621
1.6869426751592358
1.6863492063492065
1.686392405063291
1.6870662460567825
1.6886792452830188
1.6905956112852665
1.6921875
1.694392523364486
1.695341614906832
1.6962848297213622
1.6969135802469135
1.6963076923076925
1.695398773006135
1.6963302752293579
1.6954268292682926
1.696048632218845
1.6948484848484848
1.6963746223564957
1.694277108433735
1.6933933933933933
1.694311377245509
1.6940298507462686
1.6919642857142858
1.692581602373887
1.6923076923076923
1.693215339233038
1.6964705882352942
1.698240469208211
1.6973684210526314
1.6976676384839648
1.6968023255813953
1.6985507246376812
1.6997109826589596
1.7005763688760809
1.702586206896552
1.701432664756447
1.7042857142857144
1.706267806267806
1.7073863636363638
1.7073654390934845
1.707627118644068
1.7073239436619718
1.7073033707865168
1.7061624649859943
1.7100558659217875
1.7125348189415042
1.715277777777778
1.7174515235457062
1.7196132596685083
1.7203856749311295
1.720054945054945
1.7224657534246575
1.723224043715847
1.7234332425068122
1.7247282608695653
1.7273712737127371
1.728108108108108
1.7269541778975743
1.7282258064516127
1.731367292225201
1.7294117647058826
1.7354666666666667
1.7367021276595747
1.7374005305039788
1.7396825396825395
1.7395778364116095
1.7397368421052632
1.7398950131233597
1.742146596858639
1.7467362924281982
1.74765625
1.7496103896103896
1.750777202072539
1.7545219638242895
1.7551546391752577
1.7583547557840618
1.7602564102564102
1.7606138107416882
1.7627551020408163
1.76793893129771
1.7700507614213197
1.7701265822784809
1.773989898989899
1.7745591939546599
1.7738693467336684
1.7774436090225563
1.78075
1.7807980049875312
1.7810945273631837
1.7858560794044664
1.785891089108911
1.784197530864197
1.7844827586206897
1.7830466830466833
1.7845588235294116
1.7841075794621026
1.7841463414634149
1.7875912408759127
1.7910194174757283
1.7922518159806295
1.7920289855072464
1.7922891566265062
1.7920673076923077
1.7954436450839328
1.7985645933014354
1.8
1.8057142857142856
1.809501187648456
1.8101895734597158
1.810874704491726
1.8110849056603773
1.812235294117647
1.8140845070422535
1.8149882903981265
1.8168224299065419
1.820745920745921
1.8204651162790697
1.819721577726218
1.8229166666666667
1.8249422632794456
1.8285714285714285
1.8282758620689656
1.8295871559633028
1.8308924485125857
1.8321917808219177
1.8339407744874712
1.8365909090909092
1.8390022675736961
1.8402714932126696
1.843115124153499
1.843243243243243
1.8485393258426968
1.8513452914798207
1.8523489932885908
1.850669642857143
1.8543429844097996
1.8544444444444443
1.8554323725055428
1.8568584070796461
1.8569536423841058
1.8594713656387665
1.8628571428571425
1.8618421052631575
1.866301969365427
1.8687772925764192
1.8714596949891067
1.872173913043478
1.8724511930585686
1.8714285714285714
1.8727861771058314
1.8737068965517243
1.8733333333333335
1.876824034334764
1.8779443254817985
1.8782051282051284
1.8776119402985074
1.876382978723404
1.876008492569002
1.8754237288135591
1.8788583509513743
1.8795358649789027
1.8829473684210527
1.884243697478992
1.8849056603773584
1.885564853556485
1.8862212943632568
1.8860416666666668
1.8856548856548858
1.8875518672199174
1.8890269151138717
1.8911157024793386
1.8921649484536087
1.8921810699588477
1.893634496919918
1.8952868852459015
1.8948875255623718
1.8948979591836737
1.895519348268839
1.894918699186992
1.8963488843813388
1.8983805668016196
1.8967676767676767
1.8965725806451612
1.8977867203219319
1.8985943775100402
1.9002004008016034
1.8998000000000002
1.8998003992015966
1.900597609561753
1.9017892644135188
1.9019841269841269
1.905742574257426
1.9067193675889331
1.908086785009862
1.9072834645669292
1.9108055009823182
1.911960784313726
1.9162426614481411
1.91640625
1.920272904483431
1.9215953307392994
1.9250485436893208
1.9269379844961243
1.9299806576402325
1.9295366795366793
1.9306358381502893
1.9303846153846156
1.9335892514395396
1.935249042145594
1.9347992351816448
1.933206106870229
1.9346666666666668
1.9342205323193915
1.935673624288425
1.9354166666666668
1.9366729678638943
1.9377358490566035
1.9389830508474577
1.9377819548872182
1.9382739212007507
1.940074906367041
1.9385046728971964
1.9388059701492537
1.9379888268156424
1.937918215613383
1.9413729128014843
1.942222222222222
1.9419593345656192
1.9426199261992623
1.9399631675874773
1.9389705882352941
1.9396330275229356
1.9402930402930405
1.9420475319926873
1.943248175182482
1.9459016393442625
1.9452727272727273
1.9453720508166967
1.9467391304347827
1.9497287522603977
1.9501805054151622
1.9508108108108106
1.95
1.950987432675045
1.9492831541218638
1.9499105545617177
1.950535714285714
1.9493761140819963
1.950711743772242
1.9520426287744228
1.9539007092198584
1.9552212389380532
1.9545936395759722
1.9552028218694883
1.9559859154929575
1.9567662565905095
1.95719298245614
1.9605954465849387
1.960314685314685
1.962129144851658
1.9630662020905922
1.964
1.963888888888889
1.9658578856152513
1.9667820069204152
1.96873920552677
1.9698275862068964
1.969879518072289
1.9699312714776631
1.9680960548885076
1.9679794520547944
1.9676923076923079
1.968941979522184
1.9708688245315167
1.9715986394557823
1.9740237691001699
1.9740677966101692
1.9761421319796952
1.976858108108108
1.9763912310286678
1.9762626262626264
1.9764705882352942
1.9790268456375837
1.9792294807370183
1.9789297658862872
1.9779632721202003
1.9791666666666667
1.9792013311148087
1.978405315614618
1.9787728026533997
1.978476821192053
1.97801652892562
1.9777227722772275
1.9780889621087312
1.9791118421052634
1.9793103448275862
1.9791803278688527
1.9805237315875615
1.980065359477124
1.9812398042414354
1.9827361563517916
1.9824390243902439
1.9819805194805196
1.9820097244732575
1.9826860841423948
1.9835218093699516
1.9846774193548384
1.9853462157809987
1.9860128617363344
1.9866773675762441
1.9883012820512822
1.9903999999999997
1.9920127795527154
1.9921850079744814
1.9944267515923566
1.9955484896661368
1.9958730158730158
1.9973058637083994
1.9979430379746834
1.9979462875197473
1.9993690851735018
2.0004724409448817
1.9998427672955974
2.0003139717425436
1.9998432601880876
2.000782472613458
2.0021875
2.002028081123245
2.0046728971962615
2.00746500777605
2.007142857142857
2.0079069767441866
2.0094427244582045
2.0102009273570323
2.0101851851851853
2.0110939907550076
2.010923076923077
2.0133640552995393
2.015184049079754
2.0165390505359877
2.0192660550458714
2.022442748091603
2.024237804878049
2.024048706240487
2.024316109422492
2.024582701062215
2.0240909090909094
2.0251134644478066
2.026283987915408
2.0265460030165916
2.026957831325301
2.0270676691729324
2.028678678678679
2.0295352323838083
2.0302395209580837
2.0328849028400597
2.033582089552239
2.0350223546944854
2.034970238095238
2.0364041604754832
2.0369436201780413
2.036
2.037130177514793
2.039290989660266
2.0396755162241886
2.0385861561119296
2.039264705882353
2.0396475770925107
2.0410557184750733
2.04099560761347
2.042982456140351
2.0426277372262773
2.044606413994169
2.047307132459971
2.0478197674418603
2.0502177068214804
2.0517391304347825
2.0534008683068015
2.0554913294797688
2.055844155844156
2.0572046109510085
2.058705035971223
2.059195402298851
2.059971305595409
2.0616045845272204
2.0626609442060087
2.0629999999999997
2.0631954350927253
2.0663817663817663
2.0677098150782363
2.0691761363636365
2.0721985815602837
2.0723796033994333
2.0739745403111742
2.073446327683616
2.077997179125529
2.0790140845070426
2.0791842475386777
2.0806179775280897
2.08148667601683
2.0822128851540618
2.082937062937063
2.082821229050279
2.0831241283124124
2.0838440111420615
2.085396383866482
2.08625
2.0901525658807207
2.0927977839335177
2.09612724757953
2.097790055248619
2.101793103448276
2.1011019283746557
2.1017881705639616
2.104807692307692
2.106858710562414
2.1089041095890413
2.1102599179206565
2.110109289617486
2.111869031377899
2.1130790190735693
2.113605442176871
2.113586956521739
2.11438263229308
2.114769647696477
2.1146143437077134
2.1148648648648645
2.1157894736842104
2.1167115902964957
2.118169582772544
2.1201612903225806
2.121208053691275
2.1210455764075067
2.1212851405622493
2.121791443850267
2.122563417890521
2.123866666666667
2.125033288948069
2.127127659574468
2.1273572377158034
2.1285145888594164
2.128741721854305
2.1297619047619043
2.1318361955085865
2.1339050131926123
2.135046113306983
2.135921052631579
2.1367936925098556
2.1360892388451447
2.1364351245085187
2.137565445026178
2.1375163398692814
2.1382506527415144
2.139504563233377
2.139973958333333
2.1416124837451234
2.1432467532467534
2.144357976653697
2.1449481865284974
2.1460543337645537
2.148449612403101
2.1483870967741936
2.1494845360824746
2.15006435006435
2.150642673521851
2.150449293966624
2.1512820512820516
2.154673495518566
2.1554987212276218
2.156960408684547
2.158545918367347
2.160636942675159
2.1619592875318063
2.165311308767471
2.1661167512690356
2.167934093789607
2.1702531645569616
2.172187104930468
2.1728535353535356
2.1736443883984866
2.1782115869017633
2.179748427672956
2.1801507537688445
2.181932245922208
2.182080200501253
2.181852315394243
2.182375
2.1827715355805246
2.182418952618453
2.1846824408468244
2.1861940298507463
2.186708074534162
2.1884615384615387
2.188599752168525
2.1889851485148513
2.190729295426453
2.190493827160494
2.1913686806411836
2.1929802955665023
2.193357933579336
2.193120393120393
2.193865030674847
2.19485294117647
2.1942472460220324
2.1957212713936425
2.195726495726496
2.1971951219512196
2.1967113276492083
2.1981751824817515
2.2001215066828674
2.2006067961165043
2.2007272727272733
2.203389830508475
2.20459492140266
2.2039855072463768
2.2041013268998797
2.2048192771084336
2.2061371841155233
2.2068509615384615
2.2076830732292914
2.208992805755396
2.209580838323353
2.210645933014354
2.2120669056152926
2.2118138424821003
2.213706793802145
2.215357142857143
2.2164090368608798
2.21935866983373
2.2209964412811387
2.2226303317535545
2.2247337278106505
2.2241134751773046
2.2240850059031874
2.2255896226415097
2.224734982332156
2.2248235294117644
2.2258519388954174
2.2268779342723004
2.2276670574443145
2.2288056206088993
2.229473684210526
2.2297897196261682
2.2291715285880978
2.2304195804195803
2.232130384167637
2.2319767441860465
2.233681765389082
2.23584686774942
2.2363847045191196
2.236111111111111
2.23849710982659
2.2387990762124717
2.2381776239907727
2.238824884792627
2.2393555811277333
2.240689655172414
2.2406429391504017
2.240366972477064
2.2437571592210768
2.243821510297483
2.243657142857143
2.2455479452054794
2.247776510832383
2.249202733485194
2.2497155858930604
2.2512499999999998
2.2525539160045405
2.253061224489796
2.2543601359003396
2.2557692307692307
2.2578531073446326
2.25823927765237
2.2587373167981957
2.261936936936937
2.263217097862767
2.264269662921348
2.2652076318742984
2.2658071748878923
2.2684210526315787
2.270917225950783
2.271731843575419
2.2735491071428573
2.273913043478261
2.2744988864142544
2.2756395995550616
2.276888888888889
2.2789123196448395
2.2817073170731708
2.2816168327796236
2.2832964601769907
2.284972375690608
2.2864238410596025
2.2879823594266813
2.290198237885463
2.2936193619361935
2.294175824175824
2.2962678375411634
2.2979166666666666
2.3003285870755747
2.30054704595186
2.3015300546448088
2.3024017467248905
2.303162486368593
2.3046840958605666
2.305114254624592
2.305978260869565
2.3058631921824104
2.3070498915401303
2.309425785482124
2.310497835497835
2.313621621621622
2.3137149028077753
2.3137001078748654
2.3137931034482757
2.316576964477933
2.318279569892473
2.319763694951665
2.3188841201716732
2.3215434083601285
2.3230192719486085
2.3227807486631016
2.325534188034188
2.3288153681963712
2.330383795309168
2.331416400425985
2.331808510638298
2.3326248671625933
2.333864118895966
2.335843054082715
2.3375
2.33989417989418
2.342177589852008
2.344456177402323
2.3451476793248944
2.3455216016859852
2.3455789473684208
2.346161934805468
2.3468487394957984
2.3465897166841554
2.3473794549266254
2.347643979057591
2.3475941422594144
2.349216300940439
2.3487473903966594
2.350260688216893
2.350416666666667
2.3504682622268467
2.3515592515592516
2.352128764278297
2.351348547717842
2.3510880829015544
2.3528985507246376
2.35511892450879
2.3565082644628097
2.3570691434468527
2.3572164948453613
2.357878475798146
2.3583333333333334
2.3582733812949637
2.358110882956879
2.3579487179487177
2.357889344262295
2.358444216990788
2.359406952965235
2.3598569969356484
2.3600000000000003
2.3595310907237512
2.359775967413442
2.3604272634791457
2.3606707317073172
2.3636548223350253
2.365212981744422
2.3664640324214794
2.3670040485829964
2.3692618806875636
2.36979797979798
2.3700302724520688
2.3704637096774195
2.3724068479355487
2.3726358148893363
2.3726633165829143
2.3744979919678717
2.3743229689067205
2.3751503006012027
2.375575575575575
2.3761
2.3755244755244753
2.375049900199601
2.3747756729810567
2.3760956175298804
2.378407960199005
2.378727634194831
2.378152929493545
2.378174603174603
2.3790882061446976
2.379009900990099
2.378338278931751
2.3793478260869567
2.3802566633761106
2.380966469428008
2.381477832512315
2.381791338582677
2.383677482792527
2.3834970530451867
2.384200196270854
2.3845098039215684
2.3857002938295784
2.386888454011742
2.3881720430107527
2.38818359375
2.3885853658536584
2.3890838206627683
2.388802336903603
2.390272373540856
2.391642371234208
2.3919417475728153
2.3929194956353057
2.3960271317829456
2.3970958373668925
2.3977756286266922
2.3995169082125605
2.400772200772201
2.4037608486017357
2.405491329479769
2.406256015399422
2.407980769230769
2.4099903938520653
2.410172744721689
2.411217641418984
2.412739463601533
2.4145454545454546
2.4147227533460804
2.416618911174785
2.418606870229008
2.4201143946615824
2.4212380952380954
2.4220742150333012
2.422908745247148
2.424311490978158
2.427229601518026
2.4280568720379145
2.428503787878788
2.428382213812678
2.4302457466918717
2.4304060434372046
2.431792452830188
2.4323279924599435
2.4327683615819207
2.4323612417685796
2.4314849624060146
2.432300469483568
2.4351782363977486
2.4356138706654176
2.4361423220973784
2.437418147801684
2.4396261682242995
2.440709617180205
2.4406716417910452
2.4435228331780054
2.4465549348230913
2.4466046511627906
2.446933085501859
2.44661095636026
2.4475881261595545
2.4483781278962002
2.448055555555556
2.448473635522664
2.4510166358595193
2.4521698984302867
2.451845018450184
2.4529953917050693
2.4529465930018413
2.4543698252069914
2.454411764705882
2.455096418732782
2.455229357798165
2.454812098991751
2.4553113553113555
2.457456541628545
2.457221206581353
2.4589954337899544
2.4601277372262773
2.462989972652689
2.4645719489981786
2.464331210191083
2.465454545454546
2.4654859218891914
2.4671506352087116
2.469537624660018
2.4695652173913043
2.471764705882353
2.473598553345389
2.473983739837398
2.4747292418772564
2.4753832281334534
2.4763963963963964
2.4761476147614756
2.4768884892086334
2.4788858939802334
2.4800718132854573
2.48152466367713
2.4834229390681
2.486750223813787
2.488729874776386
2.49106344950849
2.4921428571428574
2.494826048171275
2.497237076648841
2.4986642920747997
2.4997330960854094
2.502666666666667
2.503552397868561
2.504880212954747
2.5042553191489363
2.5049601417183345
2.505486725663716
2.5079575596816976
2.509540636042403
2.509885260370697
2.5104938271604937
2.5100440528634365
2.51100352112676
2.512137203166227
2.512390158172232
2.512291483757682
2.5128947368421053
2.512971078001753
2.513222416812609
2.5140857392825895
2.5153846153846153
2.516768558951965
2.5164048865619546
2.516477768090671
2.517247386759582
2.5187119234116624
2.5196521739130437
2.5201563857515206
2.5203124999999997
2.522029488291414
2.523223570190641
2.5245887445887445
2.5247404844290657
2.5250648228176322
2.52685664939551
2.529508196721312
2.529310344827586
2.529888027562446
2.5306368330464717
2.5302665520206364
2.530841924398625
2.531587982832618
2.531646655231561
2.5327335047129393
2.5333904109589045
2.5338751069289995
2.5358119658119658
2.5368915456874466
2.538054607508532
2.537851662404092
2.5384156729131178
2.5395744680851062
2.540136054421769
2.5412064570943076
2.542444821731749
2.5429177268871923
2.544067796610169
2.545300592718036
2.5471235194585446
2.547337278106509
2.5494087837837833
2.550126582278481
2.550337268128162
2.551053074978939
2.5523569023569026
2.553910849453322
2.5542857142857147
2.5544920235096558
2.556124161073826
2.5568315171835705
2.55678391959799
2.5574058577405863
2.5587792642140466
2.5597326649958223
2.5600166944908174
2.560884070058382
2.5609166666666665
2.563363863447127
2.5645590682196335
2.5665004156275972
2.5671926910299003
2.568713692946058
2.569237147595356
2.569096934548467
2.5707781456953644
2.572456575682382
2.572479338842975
2.5740710156895132
2.574752475247525
2.575432811211871
2.577100494233937
2.5785185185185187
2.580592105263158
2.58126540673788
2.5840722495894908
2.584331419196062
2.5842622950819676
2.585012285012285
2.585597381342062
2.58454619787408
2.5855392156862744
2.587183673469388
2.5884176182707996
2.5892420537897314
2.5898208469055373
2.590642799023597
2.5921951219512196
2.5930950446791226
2.5934253246753247
2.5948905109489053
2.5960291734197734
2.5966801619433197
2.5968446601941744
2.5977364591754246
2.598303715670436
2.599354317998386
2.5991935483870967
2.5991136180499597
2.598550724637681
2.598551890587289
2.59911575562701
2.599598393574297
2.6019261637239164
2.602004811547715
2.6028044871794873
2.6038430744595678
2.60488
2.6059152677857713
2.6064696485623005
2.6068635275339185
2.6072567783094103
2.6084462151394425
2.6084394904458597
2.6098647573587908
2.610810810810811
2.6116759332803814
2.6110317460317463
2.610547184773989
2.611172741679873
2.6109263657957245
2.611392405063291
2.61098814229249
2.6115323854660346
2.6117600631412787
2.611829652996845
2.6120567375886528
2.613149606299213
2.612903225806452
2.6139150943396223
2.613354281225452
2.6131083202511776
2.6137254901960785
2.61512539184953
2.615583398590446
2.6160406885758993
2.6175136825645042
2.618359375
2.6189695550351284
2.6200468018720753
2.6200311769290723
2.6208722741433026
2.620544747081712
2.6209175738724726
2.6216783216783215
2.6222826086956523
2.62211016291699
2.622093023255814
2.6228505034856697
2.6246904024767796
2.6254447022428455
2.334544049459042
2.3845945945945948
2.4356481481481485
2.4106977640709326
2.3956702619414485
2.4023864511162434
2.3930659340659344
2.386971560338201
2.3825396825396825
2.3780660015349193
2.3835680423870613
2.3890804597701147
2.3859700789256686
2.383025467264182
2.380519877675841
2.3792112299465242
2.376591827570723
2.374599542334096
2.379220154043646
2.3984881949733436
2.4014350945857794
2.4180504666436224
2.4195817364873795
2.433893318147305
2.4383581183611533
2.4393888143698605
2.4470454545454543
2.455969503622797
2.4601178986905943
2.460793650793651
2.460961407270246
2.4642735849056607
2.468092691622103
2.468360742940733
2.468502581755594
2.468742162026586
2.468024791709002
2.4698070307248208
2.4704781704781706
2.470864591147787
2.471190624200095
2.4713804173354736
2.471807547695307
2.472021826341198
2.47299451918286
2.4740510439328505
2.4739965068275644
2.4744733407904547
2.4755543051795983
2.475376023827253
2.4758753501400563
2.474671146697169
2.4752586279402284
2.4745153839808625
2.4742986242244402
2.474162077729535
2.4749941520467837
2.4753860486485104
2.4786543476080634
2.485369549150037
2.483454003922803
2.4834353053207954
2.4834983846045793
2.484748065585851
2.486068879574034
2.486865342163355
2.488351624231782
2.49016726455461
2.4928493902828324
2.4974373755371557
2.496991037131882
2.4990048840048837
2.498460659058545
2.4976699816129218
2.497359649122807
2.4986246203529276
2.500152621101526
2.5004432474891995
2.5007390116987116
2.5033821922796795
2.504180818372958
2.5047654101995565
2.505323620061642
2.505685237057786
2.5059788269444208
2.506857007943066
2.51003748125937
2.512517279968402
2.513899412998586
2.5145384429983126
2.5155775582798703
2.5177797833935016
2.519385095191547
2.520179017932473
2.521200515698468
2.5218660007199425
2.522032188682044
2.52111093179184
2.522805642633229
2.5239282124910267
2.525053624444223
2.528045540796964
2.5286734637104624
2.5307361929409176
2.530653995503781
2.5309331463174503
2.5358050734312414
2.5367792846379573
2.539126935308668
2.54102766798419
2.541988141988142
2.5426124809354347
2.5428127242286536
2.544415142333446
2.545476161067193
2.544801277501774
2.5441443898890705
2.548734519333566
2.552419239650534
2.5525760792639773
2.556488830701252
2.556956496553322
2.559606242248863
2.560012634598311
2.563245698166432
2.562916540823518
2.5634612398802266
2.563861277269529
2.565898014588035
2.567074436456024
2.5673476498842094
2.566792663476874
2.5704325680962574
2.5708348586430145
2.5706395891690006
2.572452969991356
2.572208667245163
2.5709993011879804
2.5718017764559304
2.57331123517097
2.5750244814386187
2.575853167787211
2.576826168260709
2.5811992577128278
2.587392451201381
2.5878939903091
2.5892871315192747
2.591349381998237
2.591637732828193
2.591860013860014
2.5953880868081676
2.595845474412675
2.5980961679277526
2.603268293558549
2.605365799322759
2.6088788023570637
2.6097627937623544
2.610711076603651
2.6118704194604705
2.6143255333792155
2.617940656317548
2.6172724958635607
2.617778770309445
2.6183646651154224
2.619554807332585
2.618507477476734
2.6197649905668117
2.6218392490466416
2.623589716607711
2.6239741063889674
2.625180951011408
2.626730692912136
2.6270536791552646
2.633204052370543
2.6345535227715065
2.6351027291292777
2.635047849648334
2.6356315737211555
2.6349268277872238
2.6351640642679337
2.6358842402752685
2.635398398211957
2.6355935403616333
2.63836765182067
2.638764583257141
2.6398449257344763
2.6398504119092356
2.639728403752496
2.6406829038407986
2.6404922454484154
2.642040755845952
2.6427272727272726
2.6421568490714717
2.6424233390414518
2.6448376757650953
2.6462390866353256
2.6456815317003377
2.647451374916164
2.648441941611543
2.64839718687207
2.649396591340486
2.6491569257260172
2.6493875293063938
2.6493084207630946
2.6518512488195647
2.652346224343737
2.6517594202898547
2.653725401014708
2.6534145859746814
2.653043436935653
2.65308592568317
2.656285965022253
2.6582645942053387
2.6579600493646476
2.6581210289309727
2.6580222369486783
2.6575316629535815
2.6575765487343572
2.657758933101399
2.658937691521961
2.660166350861044
2.661049861742931
2.66083214027947
2.661655993973067
2.6632841458058847
2.664253380484366
2.666656039879434
2.668013599086474
2.6681168193998936
2.6693376916269376
2.670216791082933
2.6722950819672135
2.6741398027888557
2.674854331435864
2.6757037428985186
2.67589928057554
2.6750533631173985
2.674959794499119
2.6762000611774472
2.6760820287018916
2.677141906549741
2.678444827307723
2.678682002314815
2.67998069477479
2.6799397574374355
2.6812191952328877
2.681184341973816
2.6839717087772916
2.6853273014235928
2.685555670771225
2.6867984022459384
2.6886631222068114
2.6909551104725185
2.691640665957479
2.691281349749202
2.694374142591995
2.6945291828793776
2.6940398542575683
2.694133363849859
2.6936487691317055
2.6967484726105417
2.6961962151149947
2.6964731152316066
2.6966266713376537
2.6979211374040255
2.6988345623519994
2.6999380581964854
2.700281583753239
2.6993578911794525
2.7020921305182344
2.7029263125112073
2.7028314696485625
2.7026763785384476
2.7035280581705705
2.706306586270872
2.70836173691357
2.7083986755271447
2.7109978980532956
2.7110481818928016
2.7132646898555994
2.7141706647614483
2.7142735562310034
2.7142759771125187
2.716160341886449
2.7165119071442865
2.7164492885202196
2.717210779341067
2.7181300073792958
2.719017362280675
2.7191809527958704
2.7195017182130585
2.7201387148351412
2.7204608154112995
2.7205566914856676
2.7208647483242965
2.7224516524075995
2.7233994028333646
2.7231741887040775
2.7232422564326653
2.723079723791588
2.723544062660225
2.723568270049202
2.7238089034467357
2.723363296312164
2.7237319189971068
2.723678401942391
2.7239024837133554
2.7248487146831932
2.7268002375671188
2.727522991165758
2.7286674792119383
2.7309208003834167
2.7323531167069177
2.7329208597735226
2.7329832977967308
2.732735955188772
2.733627564316085
2.734260332853144
2.7351367486795746
2.7349443970861747
2.73618686956421
2.7355627559948466
2.7355609922447353
2.7369803476946335
2.7390069411429114
2.740167186440164
2.7402774946200026
2.74106938655753
2.7437553172750064
2.7457553352377753
2.7459296355275105
2.74791343836886
2.747895127599925
2.748492504848938
2.7488972826286258
2.7498015873015875
2.7502863592506968
2.7509967747669957
2.7509820189137604
2.753345340585714
2.756065750887483
2.7589114222866034
2.7613248198336273
2.761581913881036
2.762601263470829
2.762566347025361
2.7630812890981935
2.76357929353422
2.7640584373658514
2.764231110338232
2.767004595836713
2.767369957170489
2.767998134373311
2.769212641371575
2.769653869820867
2.770197123213933
2.7705724471606823
2.770591211014824
2.770828977452839
2.7712588223432144
2.771564611267238
2.771668808732954
2.7717825488082406
2.7730092779881557
2.773303204058364
2.7736850166503624
2.774371327270937
2.7742109585634633
2.7748344144091264
2.774704457915522
2.7745762492224757
2.774210016468081
2.7744745083019806
2.7757868212453767
2.776078177458033
2.7764362339533166
2.7776688003303738
2.7776576140130897
2.7784730024870283
2.779847107308019
2.780942906330257
2.7801048683285146
2.7810597468796154
2.781142851818724
2.781345912728511
2.781966504858863
2.782428940568475
2.783505307959793
2.7840039248171324
2.783849353261118
2.7840703233684265
2.7850384545509597
2.786028179982433
2.786466379209181
2.78660867478553
2.786929239105082
2.7880938398938784
2.78819244061823
2.7880992374553406
2.7880660070880094
2.7882829820372326
2.788415004622903
2.788750058523339
2.788907769680916
2.789524931291716
2.7892592571115435
2.789063882063882
2.7890838434139087
2.7897024642373847
2.7905062801655616
2.7898247147116275
2.7900921048885348
2.7907422599059295
2.790891300102731
2.7909305606500947
2.7921857417743174
2.7929206108797175
2.795260613144891
2.794419986393951
2.7966479025936115
2.797329384667832
2.7975888798308763
2.797207756782225
2.7976460423511833
2.798670684106006
2.798934034690985
2.8000682152388214
2.800678398236192
2.801225603664628
2.8022952125146787
2.8029582366589327
2.80298309178744
2.8034729005376273
2.8039624131775356
2.8046803160919542
2.805571975103603
2.808230578960596
2.807329677199813
2.8074064770342
2.807136861983948
2.8073288138784926
2.8076228043866625
2.808441865787311
2.809604552739268
2.8099182839632277
2.8102272580757455
2.811482681478053
2.811949079962255
2.811330319449523
2.8121893287435453
2.8123577320531337
2.813113446763192
2.8141140013502954
2.814295998930829
2.8146011768551813
2.814945006168939
2.815374054391998
2.8150044017267737
2.8148648043692366
2.8154682655819836
2.8167689841873673
2.8173374773374773
2.8171996536404653
2.8172909347830353
2.817175309185658
2.8165858234902292
2.816111908701577
2.816010352509501
2.817530234347962
2.817566165023352
2.817177592905528
2.817370720699093
2.818636375607852
2.818447558258652
2.818810073827102
2.8192453125964914
2.8192129481576234
2.8198254537894343
2.8207581869677707
2.8209898477157362
2.822144301963919
2.822148793173982
2.821777250853338
2.8232082812056722
2.8226867904398545
2.8230653925426266
2.823237547008744
2.8232409955725744
2.823524956449292
2.8238240983437684
2.823699346076918
2.8256565553050486
2.8257693941383173
2.826747721397679
2.8263985492508987
2.8268114733406664
2.8278725987208166
2.8283182983189032
2.828228219832522
2.82869648633575
2.830506211656954
2.831226625531301
2.832168901955749
2.832490659034899
2.833135827487087
2.833383280566498
2.8336492439184746
2.8346478553034844
2.834786277635197
2.8356102574141135
2.836133445572136
2.8364008396814406
2.836472965359134
2.8365723225071537
2.8363689964773604
2.8374930901050304
2.837373286170747
2.8375859451784358
2.8384064489785503
2.838755993041707
2.8386104450985825
2.838824926379785
2.8401353804297473
2.8416270002982857
2.8428209963853535
2.8430230540743358
2.8432040160977543
2.8446863611402327
2.8444814377519876
2.84438692182697
2.845351372782238
2.8459925842002267
2.8456006526532533
2.8462011771000535
2.8463481870794904
2.8478071982895803
2.8495277345300236
2.85126741232674
2.8515737537571595
2.8513341819724802
2.852436721044473
2.852775571352444
2.854165011615451
2.8553935244484294
2.8552807698834988
2.8553994944696415
2.855538311739925
2.8555835847702573
2.8560097423209507
2.8560213091303703
2.8564317096503693
2.856843112996347
2.858246068426136
2.8589056504938246
2.859527904527904
2.8601129912727474
2.8601390654568393
2.8606341820463217
2.860427251687486
2.8608146056587773
2.861649908565956
2.8624088977563766
2.863429633429289
2.8652929112386714
2.8680994884593765
2.8689998232265155
2.869383000512033
2.870110912654865
2.870085740336279
2.8718891431477247
2.872691347910074
2.8731317610003937
2.8736665488235325
2.8729670286602635
2.8733257611023184
2.873550082486178
2.8729997497659854
2.8734101261468528
2.873354534785882
2.873833330264926
2.874193281741082
2.8746603436426117
2.8740199395085346
2.8738487166200803
2.8737429343819123
2.8741918491972527
2.8738628620102213
2.8738220008896698
2.874821876088184
2.874132514829383
2.873699710088698
2.8740303964441893
2.8738835369877274
2.8744163950046304
2.8744907242558044
2.8748292836307696
2.876815825157534
2.876393195014582
2.8758044591584992
2.8763063919704175
2.8764582787926494
2.876452458384102
2.8761989105107375
2.8776473483750915
2.877287706067283
2.8793158462765716
2.878789126853377
2.8802163508125913
2.879946698575003
2.8807016531275034
2.8806025560797153
2.88130281508929
2.882736152169932
2.8832067353433004
2.8835723781766114
2.8849856795901845
2.885674900506589
2.8859299507704503
2.886399307832176
2.886554896042359
2.8865016986456267
2.8881886108149404
2.889840223579756
2.8898885478110836
2.8896279457768506
2.8897426441820238
2.889481907894737
2.889010169199296
2.889172314874709
2.890113661689324
2.8900632925989505
2.8906336511589674
2.890219151250289
2.88975082629543
2.8894923546901032
2.889596721343545
2.88855613668345
2.888296868937595
2.887622595476239
2.888555192705639
2.8888695920122225
2.888869086430486
2.888764411398018
2.889332610779941
2.8889692082463343
2.8893798788753577
2.8892743670230567
2.8897871467552045
2.889372543356729
2.8895250801694443
2.889622802526028
2.88982635986563
2.8903877117076844
2.8908466565829345
2.8907931407432947
2.891713386477118
2.892114974827303
2.8927256539005013
2.8933869623622477
2.8938898198575616
2.8953105232758896
2.895513247463704
2.8949981030637835
2.8951480936520744
2.895604690992035
2.895397541492488
2.895439754612489
2.8959438847954275
2.896542605468018
2.8971508732445765
2.897907870734321
2.8983001635768812
2.8990475528259765
2.8997344915135344
2.9009785456187895
2.9011625460916393
2.901511820587993
2.9020958769413125
2.901983139505358
2.902919933812349
2.9033131145419078
2.902997067448681
2.903807475948572
2.9054521736815486
2.9051906002524115
2.904968495735839
2.9051682766529927
2.9053684420600354
2.9066858621644145
2.90742726216317
2.9075696016759256
2.907906990288435
2.9087979492813334
2.909630828048018
2.910268445203596
2.9106326173263293
2.910809211048067
2.9126354411470525
2.9129257372838993
2.9134592502329584
2.914370071698691
2.9148940727888095
2.9150746728164725
2.916123759502891
2.917162481630567
2.9178908859528914
2.918518599717115
