1.0
1.15
1.3333333333333335
1.475
1.3599999999999999
1.2833333333333334
1.2428571428571427
1.2375
1.2444444444444445
1.2499999999999998
1.3000000000000003
1.3666666666666667
1.376923076923077
1.3714285714285714
1.3733333333333333
1.4125
1.4294117647058822
1.4166666666666665
1.4526315789473683
1.49
1.5095238095238095
1.4863636363636363
1.4956521739130433
1.5
1.5
1.523076923076923
1.5296296296296297
1.5392857142857144
1.5310344827586209
1.53
1.5225806451612902
1.55625
1.5636363636363637
1.5941176470588236
1.5742857142857143
1.5666666666666667
1.5594594594594595
1.5473684210526315
1.564102564102564
1.5675000000000001
1.5804878048780489
1.5785714285714285
1.5767441860465115
1.593181818181818
1.5733333333333335
1.5630434782608695
1.5617021276595744
1.56875
1.56530612244898
1.5519999999999998
1.5470588235294116
1.5500000000000003
1.5641509433962266
1.5574074074074074
1.5618181818181818
1.580357142857143
1.573684210526316
1.5724137931034483
1.571186440677966
1.5733333333333335
1.5770491803278688
1.562903225806452
1.5587301587301587
1.55625
1.5615384615384618
1.5545454545454545
1.5611940298507463
1.5676470588235296
1.5840579710144929
1.59
1.5859154929577466
1.584722222222222
1.580821917808219
1.5905405405405406
1.6039999999999996
1.6052631578947367
1.6038961038961037
1.6115384615384616
1.6139240506329113
1.6162499999999997
1.6185185185185182
1.6146341463414635
1.6144578313253013
1.6071428571428572
1.6105882352941177
1.6058139534883722
1.608045977011494
1.606818181818182
1.604494382022472
1.6088888888888888
1.6043956043956045
1.6
1.5913978494623655
1.5861702127659574
1.5842105263157897
1.5770833333333332
1.5783505154639177
1.5806122448979594
1.5727272727272728
1.578
1.578217821782178
1.572549019607843
1.5689320388349517
1.5721153846153846
1.5647619047619048
1.560377358490566
1.5570093457943925
1.5592592592592591
1.5642201834862386
1.569090909090909
1.5675675675675675
1.5723214285714284
1.5690265486725665
1.573684210526316
1.5730434782608695
1.5698275862068967
1.5854700854700856
1.5855932203389833
1.589075630252101
1.5925
1.5966942148760326
1.5926229508196725
1.594308943089431
1.6080645161290323
1.6111999999999997
1.6214285714285714
1.6275590551181103
1.63984375
1.6372093023255812
1.6423076923076922
1.6404580152671755
1.637878787878788
1.6368421052631574
1.6388059701492537
1.6340740740740742
1.630882352941177
1.6306569343065693
1.6239130434782605
1.6223021582733814
1.624285714285714
1.624822695035461
1.622535211267606
1.8846153846153846
1.6875
1.683448275862069
1.6585616438356166
1.6416326530612242
1.633108108108108
1.6370086289549377
1.637833333333333
1.639514348785872
1.6190789473684208
1.6335710041592395
1.6438311688311689
1.6524069478908188
1.676282051282051
1.6630997876857752
1.6477848101265824
1.6364039955604883
1.6274305555555557
1.6271657404380513
1.6203086419753088
1.6207712532865908
1.618957871396896
1.615494071146245
1.6121987951807228
1.616047904191617
1.6181776556776555
1.6215209292132369
1.6199579831932773
1.617866505343819
1.6251162790697677
1.6210702964758532
1.6183189655172416
1.6174025974025974
1.6218917112299465
1.6277643260694106
1.6280586766541822
1.6212743469726711
1.6169590643274852
1.6187278651367047
1.6205219780219782
1.6212448353991735
1.6278467908902694
1.6274292897548712
1.626392961876833
1.6250267379679149
1.6274283071230342
1.6335359675785206
1.6411622807017543
1.649663425579656
1.653979166666667
1.651945545057401
1.6541633624107852
1.6526269956458637
1.6514550264550265
1.6476142131979696
1.6453463203463201
1.645631667107467
1.6464310344827588
1.6492284341006829
1.659042904290429
1.6555923443430511
1.662318153067679
1.6651800232288037
1.6698422330097085
1.6675510962467484
1.685708041958042
1.6855173891309008
1.690112044817927
1.6904182979600246
1.6916846361185987
1.6929577464788732
1.697949117341641
1.7014909206753739
1.6999374374374372
1.699336405529954
1.6960647030420088
1.6964419142501335
1.695920745920746
1.6922504152586062
1.690777027027027
1.6881857941648672
1.686422038327526
1.6956680053547522
1.696249473240624
1.695387406063747
1.6949816401468787
1.6945891682979473
1.6971837944664028
1.7051704849457656
1.7067528735632185
1.7028439371787012
1.7013470828688217
1.7013360787005265
1.7013342949873782
1.6990228736397952
1.700096288515406
1.7007376094552042
1.6990986394557823
1.7032901630412005
1.7039752066115703
1.7078107810781078
1.7070073931211827
1.7085119873191996
1.7082864290181363
1.7093927125506074
1.71495739500913
1.7112111999399466
1.713888888888889
1.7149749625351807
1.71527417027417
1.7169924865577038
1.7196639482564682
1.7229220891896582
1.7232250548245613
1.7249805447470816
1.7254611066559744
1.725769725769726
1.7258604954367667
1.72694871051869
1.7323091603053438
1.7334506489017378
1.7362270243417786
1.7362724344224574
1.7399708949793844
1.7403535580524345
1.7411987680644399
1.747554371688669
1.7464062500000002
1.7474041019479962
1.7443608597285067
1.7480664373794146
1.7451061712010616
1.7458017771701986
1.745787367510275
1.7439417034362883
1.746080194667795
1.7442272977003372
1.743452380952381
1.7426995058757266
1.7433738601823705
1.7405132446181995
1.7447183098591552
1.7457318120476013
1.7435945998445999
1.7446113180343628
1.7438879375951295
1.7441988560129933
1.7469478098788442
1.7462487603496388
1.746228310502283
1.747896842438352
1.749892588614393
1.7522609947933976
1.7529308529308527
1.7505723905723904
1.7492428153501975
1.7482308331380607
1.745227848101266
1.7488204935330867
1.7485223509933774
1.751493348092573
1.7505401234567906
1.752835160414362
1.752088315000797
1.751803375777317
1.7521279924894384
1.7536984283859467
1.7535944700460828
1.753589299644209
1.7504336349924585
1.7542234179698446
1.7539586727892165
1.7545389485273877
1.7514331441874003
1.7532798557908968
1.7517152658662092
1.7498485734020508
1.748370786516854
1.7510746793365701
1.7507832988267773
1.748947197372697
1.7545991045991045
1.7568356452290879
1.760552814083756
1.7613935035953383
1.7661913191712562
1.7705199681419956
1.7692649903288202
1.769152320209722
1.7714489537095752
1.7749320000628899
1.7773515469061878
1.7796643724383265
1.780924766813942
1.7826325800806515
1.7833625166042748
1.784087267717832
1.7856892453951279
1.791679806657923
1.7917865497076026
1.7919774306311012
1.792168431959475
1.7917798243735277
1.795440893120254
1.799370211569551
1.79925510545698
1.8002879171684456
1.8060054945054944
1.8051077577393364
1.8035579004329005
1.8058912772041942
1.8081148065238248
1.8106103286384978
1.8120629003465294
1.812856491433783
1.8138319884129939
1.8150815758058099
1.8148394495412845
1.8179220582096913
1.821067302862883
1.821357964673473
1.8267448767448768
1.8313975059893113
1.8364436963309914
1.8416699969724495
1.8436850711812234
1.8471437269438773
1.84977240398293
1.8497934297720076
1.851159420289855
1.857900723048176
1.8625645399225523
1.8628154506437766
1.8655732860520096
1.8662396297759465
1.8685431799838579
1.873153869276243
1.874582043343653
1.8779461667709945
1.8807111692844678
1.8796030464881965
1.8813662190082645
1.8810432365987921
1.8817591098275717
1.8819553868058851
1.8842133936803287
1.8859465253999144
1.8876716294458231
1.8911790384042564
1.8983510204081633
1.898906156544306
1.8990935460478604
1.9017791564516937
1.9044520003181422
1.9103323949227047
1.9143647927135679
1.9159825634124226
1.9158430232558143
1.9155922933977796
1.9189839265212403
1.9232128766055354
1.9243348953215933
1.9279913627188663
1.9338483355724734
1.9331760233647028
1.937476043048798
1.9380181863135628
1.93966326902075
1.9393400808618022
1.9418302768788205
1.9427159743752405
1.944334327934072
1.9471688953616664
1.9474487647389107
1.9454362328319164
1.9489511823035848
1.9469520863668872
1.9454385063377875
1.944402727760325
1.9432566012186865
1.947680943607346
1.9481817877693026
1.947033880690085
1.9444835680751171
1.947214758206993
1.9457274034376837
1.9503049795732725
1.9502147932816534
1.9525526055925304
1.9554581736909324
1.9567375379951268
1.9583533236538098
1.9570977992232552
1.9576764650814453
1.956989489198309
1.9586696285326421
1.958216945460681
1.9596613788895667
1.9621550292357746
1.9635067873303167
1.9657432336155627
1.96651154465724
1.9681892683650386
1.9661538234599951
1.9693930392048995
1.97093691643324
1.9713608960919307
1.9707748917748915
1.9727143564463006
1.9724678846702826
1.9721222574760617
1.9748432734666217
1.9742555208369903
1.9759833500949824
1.9790510923552502
1.983826211928583
1.984429187027072
1.9851271534044301
1.9881115742661108
1.9926948051948048
1.9931793867705536
1.993878507174984
1.9937155031792002
1.9952710220950565
1.9978375885356612
1.9989512872948452
1.9996348532566526
1.9992527244421379
1.9993895159364736
1.9981638418079093
2.0024718483932986
2.001456458746378
2.00044634107792
2.0009120414632924
2.003650927751181
2.004704622434748
2.004413249660829
2.0066444773175545
2.005102447580324
2.0086331462045397
2.0087502959873227
2.0103994490358126
2.010719244988128
2.0140396210163654
2.0166949379519687
2.015566663508008
2.017715386927388
2.0172026741731175
2.0173034389789857
2.0222497096399534
2.0220153372283187
2.022509891424365
2.025508341202392
2.0246639784946234
2.026599597585513
2.0305751094264703
2.03293140903656
2.031678212290503
2.0333450091460534
2.0370761398849053
2.035942792001454
2.0373936683328946
2.037409922810463
2.0396429657299224
2.0457247845235202
2.0491136353857407
2.051690818669935
2.0535166240409213
2.0564332649197334
2.0577755489864864
2.0584070238489303
2.058497552403665
2.0601410760300896
2.0635959457778883
2.0659966473243068
2.064960363098661
2.0658080475102603
2.067229344729345
2.0709240905707005
2.0733585400282317
2.0750671223458443
2.076529715039367
2.078296655476812
2.0789656606463875
2.080981295744104
2.0821115952268805
2.08170552404957
2.081301303248395
2.08329629791004
2.0846510507036826
2.085437829589785
2.0865961553160592
2.088056407695418
2.0864071141753167
2.085933573768946
2.086339228718411
2.08714150189501
2.0881639679880886
2.0862122959895113
2.0856254612546126
2.086882701166054
2.0883194322505125
2.0901181505679878
2.0897127624850396
2.0906529442300315
2.090184639171551
2.091239376485278
2.092298573975045
2.090197418341402
2.09096147048427
2.0903793948513525
2.0906461392870908
2.090725737844382
2.090816042817919
2.0899409487140668
2.0904457885304657
2.092508890919465
2.0934193438140807
2.0928400954653936
2.093213014743264
2.095478497867296
2.096849685724849
2.097687817736772
2.099226615107674
2.0987616972715015
2.101877934272301
2.101292789437075
2.1018207902934902
2.1036320363815983
2.1033395674093347
2.104676813935691
2.10438443670151
2.1040337383271415
2.1046690988223244
2.1039725890954
2.1062799593663692
2.110591922473451
2.1115572350810896
2.1151568852696823
2.115252264917214
2.1183739590747677
2.118806173681274
2.12122706488395
2.1226770285644005
2.1225346936431673
2.1202365699643084
2.1210564297732857
2.1206333232445522
2.1212806047656194
2.1235615615615613
2.121734724782477
2.1202511844104763
2.1194453410503273
2.1195340448807025
2.119570379369374
2.1201607698175207
2.1217397339840653
2.1217096069868995
2.1247021123109993
2.12527950310559
2.126352690632161
2.1285305753848798
2.127891758741945
2.1287406111300786
2.1284338629962267
2.1299737406821775
2.131029911780115
2.1330517023959645
2.1331024326578474
2.1325483242942567
2.133429965745715
2.1331688566223153
2.1359820553808078
2.1368540741958464
2.1374477522818394
2.1406284844034706
2.1409218222398336
2.139844783371575
2.1409125291216604
2.141863612004287
2.1416404427640385
2.141191882115119
2.1440102691511385
2.145842024661368
2.1478462322629444
2.1492732824827656
2.1501065868380764
2.1489864689045017
2.1498640454499784
2.15085120123999
2.1516774291110448
2.151442640609371
2.1505786523134915
2.15014386474168
2.151594437308723
2.152055313985236
2.153118712273642
2.153620732931727
2.1543217480202212
2.154776323987539
2.155317979903335
2.1569009675583377
2.1590318553793515
2.162263501891985
2.165152187552604
2.1645500902747274
2.167426141872035
2.168840702604482
2.1686536354829657
2.1711175267653076
2.1725871560732792
2.173771980122324
2.174664523905183
2.1765789598557466
2.1783614842399257
2.1801388987064394
2.179980217374076
2.180083655083655
2.181397368965688
2.1818835696026033
2.183424091620998
2.1836045330748277
2.186106758291522
2.1865821928799027
2.1884055115299494
2.1894748525762164
2.1925244566219373
2.19354421076436
2.1942629993886618
2.195317273135669
2.1964772514222233
2.195111666406372
2.195172260440553
2.1975500299182236
2.1994867405679264
2.1997859155549686
2.2003008586951456
2.201000437349661
2.199789134716762
2.201552623004236
2.2037501725290456
2.2029407004596364
2.2052759070317647
2.205455753730064
2.2062868741904036
2.2047523213220885
2.2054372311831525
2.2074621813181
2.2095186881028264
2.210664739884393
2.211877394636015
2.2112136114939647
2.212964991478788
2.2135617660483837
2.2145870978582596
2.214533301725382
2.214802372201375
2.214462877624168
2.2135176173062248
2.214178367928368
2.213805615353603
2.214464372371401
2.2155469055087362
2.2162015550599725
2.2168544642074828
2.2180351759797166
2.2181197652753837
2.218204225352112
2.217796168173245
2.2185127143701946
2.2190868607275935
2.221550508315214
2.221350028679871
2.2211502150935316
2.2217173003456434
2.2211341303002166
2.222463319216223
2.2223678392925796
2.2232070694367585
2.2223139745916516
2.2221826249872043
2.2239481878073324
2.2245749098006744
2.224373561266463
2.225681938419215
2.225854179949743
2.2278797821103327
2.229829000093188
2.230234880701599
2.2304371584699454
2.2316923012998524
2.2329437918845274
2.2346649688543208
2.2346206631532723
2.236883116883117
2.2371069096597003
2.239089221479522
2.2377908343125728
2.2373057660202904
2.2380350404312663
2.2389606376093676
2.2384761368913657
2.2379614233085134
2.240728476821192
2.2417163972695193
2.242332027320379
2.2432130264845163
2.2447271929824564
2.244772705904989
2.2455449947680504
2.2464881336628393
2.246562126176731
2.249580501928416
2.2494467711080093
2.250105787715737
2.251249871500531
2.2544378319165155
2.254853943110203
2.2571191719084025
2.258328676657354
2.2580934230714846
2.259620208414
2.2610833097283853
2.261789097543014
2.261781903520209
2.2620353268104365
2.2632157589860693
2.26242782695012
2.2634872226311913
2.2628308249033635
2.263398822788936
2.2630609524744054
2.2624079906232484
2.261656883150672
2.262323493347116
2.2624031947745387
2.2629674561638615
2.2642994936098377
2.2639066723573764
2.2649500479539646
2.2653805615826164
2.267056074766355
2.2667181107666092
2.2672996380762727
2.2668071274489527
2.266950464396284
2.265473678849246
2.2656184560087516
2.266296295574832
2.265177156177156
2.2657277677372862
2.2665837338319603
2.2674373717819067
2.2679828807646794
2.2668414953020393
2.2664550094749067
2.2660967000226693
2.2660702887537996
2.2680143750509134
2.2684398851356455
2.2681609998813075
2.270547940058018
2.2713049099238356
2.2711915901820685
2.2727159907202954
2.2748554247316624
2.275558883104801
2.2757141273009536
2.2764855066453604
2.277008675832659
2.2771875796254233
2.2795513045513047
2.2807790408299073
2.281713649851632
2.2816151230790154
2.2807576568626033
2.2807826671933022
2.2812954169364703
2.282101463964166
2.2813693287533994
2.281611096539825
2.2822416934772085
2.2845677270508893
2.284320617929003
2.283711418459122
2.2834410782946724
2.2824477676933155
2.282782291958532
2.282758807389282
2.2841279960981047
2.284844241604022
2.2850546152673235
2.2847855803544426
2.2868634777932515
2.2866419122766306
2.286851905192988
2.287584283400851
2.2896244371674173
2.2905654247021823
2.290435357991177
2.291966399466615
2.292688459513104
2.294355551440572
2.295545884375672
2.2961193030051836
2.295937115826608
2.2959434762254616
2.2944908607510803
2.2942404107670558
2.2943896713615026
2.2965078988199177
2.2960216956556065
2.2960045274476513
2.296548338961753
2.2962733882220467
2.2973281374119368
2.2972162824340843
2.2961284576018657
2.297992759979259
2.298715519463779
2.301381819701297
2.3017040499640915
2.3026508046914356
2.302302451099231
2.303822932824245
2.303912290055985
2.303678752950078
2.3051698875836806
2.30564666380034
2.307011122282267
2.308241624788651
2.309056095334559
2.30979863574352
2.309651873141478
2.3099836331339834
2.3121109611765873
2.313484856203006
2.3134438901207197
2.3144506104669467
2.3145480174051603
2.314009105872967
2.3142415021160856
2.3146561124164515
2.3149087356489235
2.3150049560013017
2.3153959254160332
2.3162305013078184
2.3156080634500995
2.3161520261208737
2.315328251121076
2.315940970083935
2.3171962016278735
2.318553866470802
2.3192029414550968
2.3206519155093877
2.3210326298299573
2.3203002602333727
2.320257109352096
2.3196384049928422
2.3190211810012835
2.3196649218621532
2.3201066127795973
2.3210227149301605
2.3220057094645354
2.321540379474098
2.3215370193579554
2.322303690603741
2.322279075091575
2.324112173278767
2.3245443153337892
2.3263503252486424
2.3266091087402634
2.328437639174602
2.3293888155444975
2.330010764414113
2.3301066302809783
2.331270490138825
2.331078294400357
2.331972140568311
2.3321736470326493
2.3317049148035065
2.33244732675679
2.3324117220668947
2.3329357120818086
2.3325760105538724
2.3330791546020886
2.3341971186790733
2.335703837126794
2.3364746739199984
2.3366686586624654
2.3380026910459715
2.339273354530314
2.339803494480447
2.3408283816659137
2.3413937160615643
2.34173693628055
2.3420984976943626
2.3446933823921507
2.3462201024394203
2.3468070594479835
2.345889350930636
2.348083181875819
2.349338657283863
2.350323961587412
2.3496363147435178
2.348844635696412
2.3494059487388403
2.3500713913496614
2.349931176472882
2.351348428260193
2.351398594612639
2.3512573452716587
2.3514803294629805
2.351812424824977
2.3514438653512064
2.3507629252118383
2.351438986194054
2.350428891605542
2.352352619053972
2.353318797221236
2.3530548693878117
2.353832621578783
2.3553659995341194
2.3564285211763054
2.35698962740121
2.358376023052449
2.3592435637782128
2.361060809801285
2.3622529843134865
2.362496157469384
2.3631674959155933
2.36308368543674
2.3635478806907377
2.3638585033612456
2.3643382222249465
2.3640663985675285
2.364221043343914
2.364086503336418
2.3643254007306895
2.36363010377267
2.36349644309988
2.3644147210474484
2.365548711093448
2.3655145977331937
2.3653621337745725
2.367268211445143
2.3671983315884413
2.3664215265866213
2.3676314153649036
2.366973197343454
2.367726139379889
2.3688631790744465
2.3694283845958983
2.37012617213585
2.370805750585089
2.3712502107017777
2.3708929466222344
2.3719363636363635
2.374609092886159
2.3742658868309894
2.3750868185223655
2.3763045266728904
2.3777351942489178
2.3775561906339737
2.3781719868435403
2.3799103706147586
2.380654158707732
2.3812649997718665
2.3822702857747746
2.3829610194902546
2.385262086560137
2.3846665038090586
2.386141102252016
2.386530162705634
2.3870966146930743
2.387598119690323
2.3870032663319396
2.3877158426012772
2.3884428146578287
2.3903740437644543
2.391159850121441
2.3914589533730157
2.3930100820374003
2.3935835692801644
2.3935717547131405
2.3930736225417433
2.3929807838741874
2.39319491821919
2.393020634787286
2.3927343001480708
2.393594762294343
2.392519364044028
2.393088595679764
2.3925949919238505
2.393209031208417
2.3923309334571976
2.392847723617276
2.392756124721604
2.3920731648677847
2.393467477074003
2.3939507929295565
2.393187977334319
2.393464210208396
2.392828981877866
2.3925319909027105
2.392220649444753
2.3921006303057566
2.391900566393958
2.391605773327095
2.391296745080015
2.3919380412245395
2.393170753021073
2.3929707282382435
2.393158195742988
2.393002569391669
2.3925343195119733
2.3936868694669875
2.3939881613022567
2.394288858417798
2.3949365430279212
2.393983798133445
2.393705250110091
2.394647887323944
2.394261023529316
2.3937955875275465
2.394123166775871
2.3942342953268687
2.3936766838543346
2.3942548386415923
2.3937915262397693
2.3930352775828534
2.3926529119812026
2.3920994042722894
2.3919045477340934
2.3917241892958754
2.392485887128744
2.3927041224581442
2.3919539208718317
2.3921442004848976
2.3924405159869435
2.392523719388521
2.3937138145266803
2.394454799126232
2.3947201673065517
2.394787264594072
2.394238512000995
2.3947926999669344
2.3948871598343207
2.395270143013196
2.3948008482745324
2.3952610196037685
2.395341088903569
2.3951606798047025
2.3946933005860838
2.3952295408229007
2.395309463383405
2.394661338368784
2.3945733535775284
2.3956931749409724
2.3959168935269206
2.395750686567615
2.396218814968815
2.3966593836192516
2.3976683199147617
2.397230062110638
2.3966120665814588
2.396252434952159
2.3965240860695403
2.3965120351044393
2.3960635615219164
2.3966173570841005
2.3962855834090626
2.396632577346195
2.3966970994973247
2.3969536533296605
2.397069928736913
2.397951270645764
2.398665461583407
2.398843145848729
2.3993770235366876
2.399260844741087
2.3991835240738997
2.399982366904035
2.40069098470736
2.400054589922484
2.4000526879864204
2.400316515049945
2.4003271111748057
2.3999586074583457
2.400373166291894
2.400257480608798
2.400431849860613
2.400341598236111
2.4007922535211264
2.4009153949165354
2.4002098023023555
2.4009979895789213
2.401020286186408
2.4010175819991773
2.401090017513135
2.40181201126083
2.4015463827589576
2.402965339788495
2.4026118910049155
2.4026826634048586
2.4033005797964826
2.4037187900536106
2.403713768115942
2.4033490074989734
2.4033565387788776
2.4050484565700962
2.4053767271083224
2.406050777126789
2.4062288855674536
2.406913156583827
2.40689333360532
2.4066267753624113
2.4063486552401594
2.4078297024915916
2.407711180857885
2.4076168307334456
2.4071790035036758
2.408286995666201
2.4082781678816474
2.407767090935691
2.407392553873268
2.4077148804352624
2.4081958162892017
2.40733319556931
2.407410616653965
2.4085961783186685
2.409009977153573
2.409194208152252
2.408407676416795
2.4090285217062943
2.4085097770581645
2.4080035301151703
2.407837105254564
2.4075746968972154
2.4085087205518674
2.4095871467629397
2.410153129376978
2.4114775214307964
2.411416073863012
2.41081484825643
2.411186273184361
2.411365967725481
2.412576496247354
2.412060184462592
2.411986896772132
2.4127292651472314
2.4132191375126584
2.4136583660154094
2.4134504324979535
2.413793805208123
2.4136469557848943
2.4134666779238136
2.4128588531821045
2.412724209208725
2.412889052836468
2.412865103969576
2.412425937396375
2.4124965356795727
2.412815777004701
2.413476940071803
2.413298149919859
2.4136049296009388
2.413084780388151
2.4128958201209834
2.4121186885043646
2.4121067058315497
2.4122704025178883
2.412433813123468
2.4115883502401254
2.4115163860809083
2.4109735626079685
2.410798461073242
2.410787584780559
2.4118026443327647
2.412620021822149
2.412362345818619
2.4125350355792348
2.412022236041231
2.4125531985336166
2.412307039386462
2.4123055650535994
2.41253754894556
2.4123626554280246
2.412096222545968
2.4130795007744554
2.4127318330393255
2.4119795655452054
2.412372662248908
2.412592812812458
2.4127422730645285
2.4131338219166776
2.4129493232331485
2.4122110582290377
2.411856064299902
2.4116835016835014
2.4114203938056753
2.4110980619860998
2.4106752303866417
2.41057412706167
2.410403320911364
2.410974521259331
2.411284040782762
2.4120238267148015
2.412362697758836
2.412590449874795
2.412848443663201
2.4125969559280804
2.412805274857444
2.4127032613294612
2.412691118079562
2.412291655982358
2.411902911392495
2.4114555470369416
2.411682289684556
2.4111955229793978
2.4113239437415555
2.410047045285318
2.4113018136766633
2.411527747325339
2.4107173200035077
2.410154731020726
2.41184913887438
2.412073909644273
2.4115016526604593
2.4114020148049202
2.4117837449635813
2.4117724148642874
2.412398387068861
2.4122984082754195
2.4130404755087467
2.413673708920188
2.4134947666210755
2.414409874780316
2.414484335451822
2.4143052248405725
2.415139664308359
2.4152622060002944
2.4162599616682154
2.4160801096259883
2.4164830026838757
2.4165361831051566
2.4179369664717147
2.4191613321448835
2.4195700433947547
2.419233678826221
2.420918223704059
2.4211223274085523
2.4214805761032996
2.4210666869931745
2.4214149869662593
2.422243963297274
2.4226286692176613
2.422522917497011
2.4233585501031594
2.423329228243021
2.4231354397821763
2.423747927731962
2.4242547513861292
2.424032485541224
2.424471137585336
2.4239916911891983
2.424381203755164
2.4250475792115447
2.426475718063709
2.4267099228684597
2.427162975773371
2.428129594131979
2.4280301070667982
2.428432656907774
2.4294811870951065
2.429675193294313
2.4297813216804522
2.4295841693677005
2.430022941213861
2.430300648734583
2.4304540331515048
2.430833729507568
2.4309592178503645
2.4308492315845256
2.43082381819974
2.4315785062679045
2.4318805494436533
2.4318453963190807
2.4324382850813144
2.4321383147853735
2.4320280321969667
2.431785868810562
2.4311695251011676
2.431218843719596
2.432042698478765
2.4317834485654726
2.4314853601516857
2.4313850198091345
2.431741091725083
2.4315004967709886
2.4319215868136697
2.4324340385072496
2.433317449869749
2.432844702897227
2.4320669568458575
2.431447485618397
2.4312649893167055
2.4313224184449345
2.4314058330103787
2.431397745611032
2.431667951391623
2.43188121249348
2.4318468132743982
2.431738736374549
2.431869137622024
2.431613949500039
2.4318521702905187
2.4313767748478705
2.4314335415437305
2.4319563804434177
2.432331664686764
2.431598120479383
2.432404074529994
2.4323610752256
2.431887732708299
2.4324892914722915
2.4333820902115355
2.4329820014741195
2.433118372613221
2.433061105975491
2.4339338868499665
2.4342063413297037
2.4348587775565878
2.4346773585616828
2.4345688420817417
2.434097655717916
2.4343047901218364
2.43435005033832
2.434637379540974
2.434907684048364
2.434437975112786
2.4340494773486734
2.434014306833067
2.4347089405771074
2.434473524957798
2.434141760839297
2.434972400283358
2.434737248662608
2.4348455327885605
2.4353210344827585
2.4350779821225577
2.4345564743469272
2.4342345110087042
2.4345023146561373
2.434825109012768
2.4344321505699678
2.434119324918412
2.4343311378605494
2.4348995016041535
2.434507619500487
2.4348290708196947
2.434905251466266
2.4353211440872573
2.435594175954769
2.435708695371252
2.4353338629182826
2.4353694789892244
2.435420945477325
2.4361260366176154
2.4357519350449466
2.436581468136441
2.437111143728928
2.4372712409683035
2.437532927121305
2.437731523378582
2.437843600638455
2.4375953264318073
2.4384976525821593
2.4393830617361933
2.4397827663502105
2.4408143672892586
2.44106426054795
2.4415243330461776
2.442038051670577
2.4425045059292847
2.4432736080435284
2.4439407260960797
2.4448089953524734
2.4449926513600273
2.444981919362522
2.445576196362925
2.446030178202089
2.446057759417501
2.4458220499154013
2.4465685428942217
2.4470043699239343
2.4474014711878533
2.4476970980996406
2.448016116598526
2.4475642803798143
2.4474747022786993
2.4472933181851064
2.44746576306474
2.4479296599886293
2.448178051034377
2.4480657695464196
2.4484202227956593
2.448522303068649
2.4482721802460725
2.4482588900805418
2.449101283385909
2.448866143020096
2.4496158164587274
2.449022362720993
2.449253348852139
2.4487295750101103
2.4488307850677304
2.4485893944748165
2.4488200932093926
2.4485032956099992
2.4492342790083734
2.4489932872035247
2.449306029579067
2.4489971066222083
2.4497792697200036
2.4494704526119815
2.4493662801643405
2.4493983075157777
2.449663292171345
2.44969505966002
2.44965889899993
2.450579819982805
2.4503469426678706
2.449903909833701
2.449971421978451
2.449995644705177
2.4505679361471975
2.4504177271441847
2.4503812544155266
2.4507496928313897
2.4499713129612615
2.4500097412639943
2.4498318503977474
2.4506920744408123
2.4509847176146176
2.4508207312786596
2.4512684706406747
2.4511574691812874
2.4515655335521904
2.4516625955714426
2.4519604688645704
2.4517823760525337
2.4519460038017833
2.451803233042915
2.452634617328137
2.4531241261701933
2.4541536656960696
2.4545888070692197
2.4561489789245234
2.4563019895041904
2.456535227365499
2.456694726934733
2.4571474883184687
2.4571209784517842
2.4577649601007265
2.4576510441141632
2.457994292232462
2.45815218233221
2.45838291293601
2.457805970725679
2.4585585272881803
2.458642755082784
2.4587268850701536
2.4583423588467315
2.4595017438724756
2.4592489927076633
2.459062430228961
2.4590938430983114
2.459315676730749
2.459208707078787
2.4597584800379217
2.4595992342491195
2.459695743394616
2.4598442033651766
2.4598228753673346
2.459519654284052
2.4592822353508685
2.4589864572149707
2.459148276629052
2.458650468659015
2.458812288296349
2.45924129688741
2.4596178659701486
2.4594465491989475
2.4594772668443623
2.459104593842336
2.458998931619459
2.458367333667763
2.458651655790105
2.4586179358903095
2.458188831882421
2.4592499242385046
2.4594100482784236
2.459298142803964
2.4595357332640146
2.459688819786739
2.460028869761678
2.459858870967742
2.4595601454955456
2.4593906741244425
2.45999412216496
2.4596958958148765
2.459880530580758
2.459254953222094
2.4597478161999495
2.4600281579309993
2.460532713956751
2.4607480742106977
2.461245050357575
2.461843790012804
2.4613477212977983
2.461120823306391
2.4615204344868307
2.4613064488355074
2.461347977473998
2.461179050862982
2.4615839565012916
2.4608992131884597
2.461068153137764
2.4613451306962757
2.46188235879488
2.461523144960354
2.461227882453284
2.4611359195463334
2.4616718994076434
2.4617002234767047
2.461146008656589
2.4614848330135035
2.4617029712196468
2.4618068724539963
2.4615191422745926
2.460966810966811
2.461512577853272
2.461471567350047
2.46117237153952
2.460558702718522
2.461241526162721
2.4619296188192776
2.4620079996217505
2.461213047998614
2.4620512381226796
2.461953486040973
2.4621066348512537
2.4621465113954075
2.4627315391617013
2.4626274773411816
2.462398470560916
2.4621697530864197
2.4628157778359054
2.463080396080242
2.4629201407525163
2.4632891096472225
2.463372066529961
2.463137551123179
2.4624677445731242
2.462059586107661
2.462608249523492
2.46262925855095
2.4623458785519396
2.4625890852618966
2.4628139905079527
2.4622831474597273
2.4619387152438423
2.4622634744817766
2.4630266972736705
2.4638626763276283
2.4635798738992745
2.464050017541221
2.464945469349007
2.4655754490618857
2.466122788427496
2.465716263470347
2.466098449089683
2.46598228583364
2.4659453788033994
2.4660254926405667
2.4665966099483847
2.4666148822481695
2.466528052231797
2.4664850638241873
2.4671099058116814
2.4676174193823606
2.4672913146160167
2.4673702143537475
2.468187871197619
2.468388229417641
2.4689602104351067
2.4687882216939663
2.468982083932453
2.468839139261063
2.468673308887603
2.468524935122999
2.468840070618641
2.468608053695613
2.4691392988762413
2.4689737812504027
2.469977823321367
2.4697513865444902
2.469476057043565
2.469855523307089
2.4700473598931483
2.4703051125058377
2.4700300916727733
2.4698044499326732
2.470297627228022
2.4698365007272645
2.4696773119434434
2.469567280981634
2.469758416271677
2.469954952815251
2.4700967374772826
2.4698120672445163
2.4697679820332477
2.469904024601967
2.470291030318527
2.4701268343123663
2.4710413279954233
2.4712960466501555
2.471425216608173
2.471913093786159
2.4722266230909087
2.4726592548920516
2.4731621345328154
2.473550593858227
2.4738568756446195
2.4741683117302347
2.4738297302628087
2.4739027184345774
2.4742080872527454
2.4744591318313076
2.4743049073010512
2.4743883841511316
2.4752432638257202
2.4748999686537716
2.4756887909254663
2.4755288069502095
2.475831791932513
2.476199027567543
2.476033602114105
2.4760993670403417
2.476105997197852
2.477014310665904
2.4772725735896075
2.4774018206211603
2.477723844044815
2.477322632705648
2.477157328936172
2.477339802159632
2.4775220703664864
2.4776560758082495
2.4780247992858815
2.4778062313273574
2.478515674984005
2.478584835228755
2.478419587827607
2.4779564875381723
2.4779088372940583
2.4781642349922426
2.477941181400744
2.4776068515983094
2.477617894091054
2.47739028387683
2.4771046393309843
2.4767080441794547
2.4768413345536233
2.4772655017343976
2.477429733630951
2.477213502520117
2.477879555864505
2.4777161528396476
2.477505329355451
2.4780435936771275
2.47769606415996
2.4781073334737878
2.4781179960508455
2.4776026341600117
2.4776084095654287
2.4777297942662457
2.4780821280328835
2.4780402196174123
2.4782291691979155
2.478244886485484
2.4778519857228405
2.477862765902086
2.4779259812706305
2.4782819390247774
2.4788151158926146
2.4787678563721895
2.4791750587942856
2.4795970866819745
2.4798936981082176
2.4798459351269626
2.480089838715732
2.4804378658165582
2.4808057604759024
2.480580902280065
2.481400626120073
2.482042928216063
2.4825585237806047
2.4829610170452936
2.483025817583973
2.4829714993874332
2.4829222679687653
2.48295008369252
2.483247408420277
2.4829136817265347
2.482807738837951
2.4830827199685355
2.483312516507024
2.4829227449166913
2.483095664077166
2.4835150048510983
2.4843403692319503
2.4846501933065177
2.4851959078838535
2.4855910459557085
2.4860494002598186
2.4859373394966617
2.485773870616532
2.4860252877065188
2.4866515686105672
2.4868310923580257
2.486549908144519
2.4865603669765237
2.487241218491806
2.4876963347185517
2.487987183673778
2.4879454939567296
2.487950260683323
2.4876231830500126
2.4872867624114674
2.486838619642457
2.4874602549479925
2.48707819400964
2.486747686346682
2.486524582677551
2.486646758185946
2.4871502278027884
2.4866481182951348
2.487160646645022
2.48760723359535
2.487616982624352
2.488624717109265
2.489195457862831
2.489603383954795
2.489820143691595
2.489712684878577
2.490387883661707
2.4908307252785358
2.491579035342257
2.491470834447772
2.4912471550051896
2.4911946670486707
2.49113751437516
2.4914819745035577
2.4913188284163224
2.4914875399712764
2.4920475111623412
2.4921051996007355
2.4922180143025203
2.492441021243278
2.4919471363082457
2.4918945692319596
2.4917823251701323
2.492005092862599
2.49150788587212
2.491483620683155
2.4913308622247836
2.491677141050787
2.4917849302179707
2.492907794938297
2.4932935415232493
2.494281607371051
2.494278214130545
2.4947766684694956
2.4954933926193577
2.496323281336746
2.4961002123637117
2.4975617603415166
2.4973065941448542
2.4985609124781463
2.4986234534959566
2.49841343824789
2.498639373104614
2.4993957378886633
2.499171961935656
2.4990708421572405
2.498639191888155
2.499674601700397
2.5004962636520403
2.5001639902224704
2.499945069090594
2.500331632206516
2.500054171180932
2.500110887592942
2.5003343813279333
2.5008145443807717
2.5007040951958985
2.500656770224309
2.5004970128705493
2.5003869126565257
2.5001645847825866
2.5000503207594376
2.5002728543837764
2.5004279136071688
2.5008563736227893
2.500692658893457
2.5006948564847846
2.5011180475258508
2.5010707416381486
2.5015109990789783
2.50134737031
2.501737788227093
2.501944927298364
2.5019420134603294
2.501889975956588
2.5027966737334806
2.503002822341057
2.50278995807984
2.502737574724569
2.502841035444548
2.5028332893786613
2.5029409655703025
2.5029908539359558
2.504163858263002
2.50395115894446
2.504460995587077
2.5049886761501354
2.50535630815586
2.5053472705730027
2.5055636712042784
2.5055588666174273
2.50642016341227
2.5065912396509287
2.5064842088000696
2.5068496757722256
2.5072676959943125
2.5069445352511712
2.506793245003037
2.5068492298399274
2.506799495450943
2.506688448983331
2.5069026937613166
2.506633481517833
2.507467301046637
2.507250768702699
2.507485532181063
2.508071432848333
2.508534510575954
2.5085934662078193
2.50853453840032
2.5087509776896
2.5093430876443903
2.5091306722059232
2.508931133397012
2.5087149298061924
2.5088090458830967
2.509334533652366
2.5092796487208178
2.5090595229652743
2.5097282907551324
2.5099867673386784
2.5101843875127203
2.510385985929913
2.510904538341158
2.510636314103467
2.511366798795213
2.511696487157855
2.5121008328117473
2.5120968326532522
2.5122009843897404
2.512045145378479
2.512400667195956
2.5127516891813237
2.5134591293704824
2.5136618721917356
2.514227284608063
2.514162117049762
2.5143123912487817
2.5147213065454506
2.5151379995915657
2.5153392303146704
2.5153974903839367
2.515567156822098
2.516073501940657
2.516242607698337
2.516391137254429
2.516531369333624
2.5173927412303874
2.5171285044055387
2.517383263086814
2.5183457566581255
2.518848591393664
2.518884379351128
2.5190038229138656
2.51898815492961
2.519951400445733
2.520144429316996
2.5204990764611934
2.520687607553664
2.5211319684592333
2.520859402007768
2.5210715167383055
2.5208583884037585
2.5212506633670753
2.521744689132577
2.521692663273497
2.521887811230102
2.522694690499933
2.522830202417358
2.523338069497119
2.5233871598766826
2.5245048915539217
2.524893529920937
2.525289690858062
2.5253726658296154
2.5257134462104602
2.5254447455819795
2.5253324656396923
2.524759972954699
2.5250068718524767
2.5250976117474773
2.525090914113268
2.5250763800281684
2.5257700062985915
2.525607389343784
2.526183610545458
2.526164638770733
2.527563017782583
2.5277025292853064
2.5275315466637527
2.528283543045778
2.5288177336535136
2.5288478678296884
2.5288857246901606
2.5291170097508124
2.5297077347174484
2.529335367312754
2.5293303913038634
2.5292134483881474
2.52959838093511
2.529431274384709
2.5293183038546174
2.529001206296088
2.5301866816397096
2.530246625936281
2.529937181838092
2.530378040904198
