1.7
1.45
1.1666666666666665
1.25
1.16
1.2166666666666668
1.1857142857142857
1.2375
1.2666666666666668
1.28
1.2909090909090908
1.2833333333333337
1.2615384615384615
1.257142857142857
1.313333333333333
1.3
1.311764705882353
1.3055555555555556
1.3263157894736843
1.32
1.3333333333333335
1.318181818181818
1.3391304347826085
1.3291666666666666
1.348
1.3615384615384616
1.385185185185185
1.3678571428571429
1.3758620689655172
1.3633333333333335
1.361290322580645
1.3625
1.3727272727272726
1.3735294117647059
1.3714285714285714
1.3833333333333333
1.372972972972973
1.3605263157894738
1.3512820512820514
1.3599999999999999
1.3560975609756096
1.3571428571428572
1.3674418604651162
1.3522727272727273
1.3488888888888888
1.3434782608695652
1.346808510638298
1.35
1.3448979591836736
1.348
1.3549019607843138
1.35
1.3471698113207546
1.3444444444444443
1.3436363636363637
1.3357142857142859
1.3350877192982455
1.3448275862068964
1.3644067796610169
1.3683333333333334
1.3868852459016394
1.3951612903225805
1.4015873015873017
1.4109375
1.413846153846154
1.4106060606060606
1.4149253731343285
1.4147058823529413
1.4101449275362319
1.402857142857143
1.3971830985915494
1.398611111111111
1.3986301369863012
1.3932432432432431
1.3933333333333333
1.388157894736842
1.3818181818181816
1.3794871794871795
1.3746835443037975
1.3850000000000002
1.3839506172839504
1.3878048780487806
1.3795180722891567
1.3773809523809524
1.384705882352941
1.3837209302325582
1.385057471264368
1.378409090909091
1.3865168539325843
1.3855555555555557
1.3802197802197802
1.376086956521739
1.372043010752688
1.3734042553191492
1.3705263157894738
1.3645833333333333
1.3618556701030926
1.3540816326530614
1.3484848484848484
1.342
1.3366336633663365
1.3333333333333335
1.3310679611650484
1.3346153846153845
1.340952380952381
1.3358490566037737
1.3401869158878505
1.3416666666666666
1.3458715596330275
1.3454545454545457
1.3522522522522524
1.3517857142857141
1.3530973451327433
1.3526315789473684
1.354782608695652
1.353448275862069
1.3564102564102565
1.3661016949152545
1.3722689075630252
1.3833333333333333
1.3826446280991735
1.3901639344262295
1.3910569105691057
1.3911290322580645
1.3960000000000001
1.4015873015873015
1.4023622047244095
1.39921875
1.4
1.402307692307692
1.4015267175572519
1.4
1.4015037593984965
1.403731343283582
1.405185185185185
1.4044117647058825
1.408029197080292
1.415217391304348
1.410791366906475
1.4121428571428571
1.4127659574468086
1.414788732394366
1.4097902097902097
1.4104166666666667
1.4137931034482758
1.4123287671232876
1.419047619047619
1.4222972972972971
1.4288590604026843
1.4326666666666668
1.4331125827814568
1.4289473684210525
1.430065359477124
1.4285714285714286
1.4283870967741934
1.432692307692308
1.4343949044585986
1.4424050632911392
1.4421383647798742
1.4425000000000001
1.4409937888198754
1.4364197530864196
1.439263803680982
1.4365853658536587
1.4375757575757575
1.4367469879518073
1.4395209580838326
1.4470238095238095
1.4502958579881657
1.4523529411764706
1.458479532163743
1.4680232558139534
1.471676300578035
1.471264367816092
1.473714285714286
1.4767045454545453
1.4807909604519773
1.492134831460674
1.4988826815642455
1.5038888888888888
1.5138121546961325
1.513736263736264
1.5169398907103824
1.5179347826086957
1.5210810810810809
1.5236559139784946
1.5267379679144386
1.5308510638297874
1.5317460317460314
1.5331578947368423
1.5356020942408377
1.5374999999999999
1.5414507772020722
1.5396907216494846
1.5425641025641028
1.5448979591836736
1.5472081218274112
1.5515151515151515
1.5517587939698492
1.56
1.5592039800995023
1.566831683168317
1.567487684729064
1.5691176470588235
1.5717073170731708
1.579126213592233
1.5768115942028984
1.583653846153846
1.586602870813397
1.5876190476190477
1.5919431279620853
1.600943396226415
1.6093896713615023
1.6140186915887849
1.616279069767442
1.6175925925925927
1.6207373271889403
1.6183486238532112
1.6232876712328768
1.6263636363636362
1.6303167420814482
1.6333333333333335
1.6331838565022423
1.6334821428571427
1.6377777777777776
1.64070796460177
1.6440528634361236
1.6451754385964912
1.6497816593886463
1.6526086956521742
1.6528138528138527
1.6521551724137933
1.6523605150214593
1.6500000000000004
1.6527659574468085
1.6529661016949153
1.6540084388185652
1.653361344537815
1.6514644351464434
1.65875
1.6643153526970955
1.6632231404958677
1.660082304526749
1.6643442622950821
1.6677551020408168
1.671951219512195
1.6740890688259111
1.6745967741935484
1.6799196787148591
1.6784000000000003
1.6780876494023904
1.6777777777777776
1.6762845849802368
1.6771653543307086
1.6827450980392158
1.682421875
1.6824902723735409
1.6813953488372093
1.683783783783784
1.6830769230769231
1.6831417624521072
1.684351145038168
1.685171102661597
1.687121212121212
1.6939622641509433
1.6977443609022558
1.698876404494382
1.7007462686567163
1.7029739776951671
1.7037037037037037
1.7084870848708487
1.7088235294117644
1.7150183150183154
1.722992700729927
1.7265454545454546
1.7322463768115945
1.7303249097472926
1.7302158273381298
1.7318996415770613
1.732142857142857
1.7416370106761565
1.7443262411347518
1.746643109540636
1.746830985915493
1.7540350877192985
1.7545454545454546
1.75609756097561
1.7586805555555554
1.760899653979239
1.7672413793103448
1.768384879725086
1.7705479452054793
1.7699658703071672
1.7741496598639457
1.78135593220339
1.783445945945946
1.7888888888888885
1.792953020134228
1.7949832775919734
1.797
1.7986710963455153
1.8016556291390728
1.8066006600660067
1.8078947368421054
1.8072131147540982
1.8075163398692808
1.8081433224755703
1.8097402597402596
1.81747572815534
1.818387096774193
1.8225080385852093
1.823076923076923
1.8274760383386581
1.8286624203821655
1.829206349206349
1.8313291139240504
1.8350157728706624
1.838993710691824
1.8401253918495297
1.840625
1.8467289719626165
1.8475155279503106
1.8507739938080494
1.853086419753086
1.8603076923076922
1.863803680981595
1.8700305810397555
1.8740853658536587
1.8778115501519757
1.8790909090909094
1.8812688821752268
1.8840361445783131
1.8891891891891892
1.891017964071856
1.8916417910447758
1.8907738095238096
1.8934718100890209
1.8934911242603552
1.895870206489676
1.8964705882352941
1.8967741935483873
1.9008771929824562
1.8997084548104959
1.901453488372093
1.901159420289855
1.9028901734104047
1.9008645533141209
1.9014367816091955
1.9017191977077363
1.9037142857142855
1.9028490028490026
1.9022727272727273
1.9022662889518411
1.901412429378531
1.9005633802816901
1.8997191011235954
1.9019607843137254
1.9047486033519554
1.9061281337047355
1.909444444444444
1.908310249307479
1.9085635359116022
1.9112947658402206
1.9112637362637361
1.9131506849315065
1.916393442622951
1.9190735694822887
1.9220108695652172
1.9222222222222225
1.924054054054054
1.9237196765498648
1.9258064516129028
1.9292225201072388
1.9302139037433157
1.9309333333333327
1.9311170212765956
1.9350132625994696
1.9351851851851856
1.9348284960422162
1.9342105263157894
1.9356955380577425
1.9371727748691103
1.9404699738903397
1.94140625
1.9420779220779223
1.9450777202072538
1.9488372093023254
1.9512886597938148
1.9529562982005142
1.9517948717948717
1.9514066496163682
1.9517857142857142
1.9506361323155215
1.9560913705583753
1.9567088607594936
1.9611111111111115
1.9614609571788417
1.9620603015075375
1.9654135338345864
1.96775
1.966583541147132
1.9654228855721396
1.965260545905707
1.966831683168317
1.9666666666666668
1.965024630541872
1.964864864864865
1.9642156862745097
1.965281173594132
1.9700000000000002
1.973479318734793
1.9759708737864077
1.9777239709443102
1.9785024154589372
1.9804819277108432
1.9805288461538464
1.9817745803357316
1.9849282296650717
1.9878281622911693
1.9876190476190476
1.9885985748218526
1.9893364928909953
1.9891252955082745
1.991509433962264
1.9936470588235295
1.9976525821596245
1.999297423887588
2.0011682242990654
2.0044289044289045
2.0081395348837208
2.009048723897912
2.0083333333333333
2.0083140877598153
2.0126728110599084
2.014712643678161
2.018119266055046
2.0247139588100684
2.02648401826484
2.030296127562642
2.0313636363636367
2.030839002267574
2.032579185520362
2.0343115124153495
2.0346846846846844
2.033932584269663
2.03542600896861
2.036241610738255
2.0368303571428568
2.041648106904232
2.044222222222222
2.0467849223946786
2.0495575221238935
2.0490066225165564
2.0515418502202643
2.056263736263736
2.0570175438596494
2.058643326039387
2.0591703056768553
2.06078431372549
2.062608695652174
2.063340563991323
2.0638528138528143
2.063930885529158
2.0648706896551725
2.0658064516129033
2.0682403433476395
2.0704496788008564
2.070726495726496
2.0724946695095947
2.0736170212765956
2.076008492569002
2.077118644067797
2.0761099365750524
2.0799578059071733
2.082736842105263
2.0859243697478993
2.0865828092243186
2.087029288702929
2.0889352818371605
2.0908333333333333
2.092931392931393
2.0966804979253113
2.0975155279503106
2.099380165289256
2.1059793814432988
2.1067901234567907
2.1100616016427103
2.110450819672131
2.1100204498977506
2.112857142857143
2.113645621181263
2.114227642276423
2.1188640973630837
2.120647773279352
2.1236363636363635
2.1233870967741937
2.124949698189135
2.127710843373494
2.1294589178356715
2.1306000000000003
2.132335329341317
2.1306772908366534
2.131212723658052
2.134325396825397
2.137029702970297
2.137747035573123
2.142998027613413
2.1427165354330713
2.142436149312377
2.142156862745098
2.1430528375733857
2.1423828125
2.141520467836257
2.1406614785992217
2.1396116504854366
2.1403100775193797
2.1423597678916826
2.1430501930501933
2.1443159922928707
2.1457692307692304
2.1479846449136275
2.14904214559387
2.148374760994264
2.1477099236641224
2.1504761904761907
2.1543726235741443
2.156356736242884
2.15625
2.155198487712665
2.1590566037735845
2.1617702448210925
2.161842105263158
2.1632270168855534
2.162921348314607
2.163177570093458
2.164179104477612
2.169087523277468
2.1685873605947954
2.1692022263450834
2.1683333333333334
2.168576709796673
2.173062730627306
2.174769797421731
2.1761029411764707
2.1766972477064224
2.176556776556777
2.177879341864717
2.1779197080291963
2.178688524590164
2.179818181818182
2.18421052631579
2.184963768115942
2.188426763110307
2.1879061371841155
2.1875675675675677
2.1870503597122304
2.189407540394973
2.1919354838709677
2.192128801431127
2.194107142857143
2.195187165775401
2.1973309608540923
2.200355239786856
2.2037234042553195
2.2047787610619474
2.2042402826855123
2.2063492063492065
2.207394366197183
2.2105448154657297
2.2122807017543855
2.2131348511383537
2.215734265734266
2.216404886561955
2.2184668989547034
2.2186086956521742
2.219965277777778
2.2223570190641246
2.2237024221453288
2.2252158894645944
2.224655172413793
2.225645438898451
2.226460481099656
2.2288164665523156
2.229623287671233
2.229230769230769
2.2276450511945396
2.228279386712095
2.2301020408163263
2.231409168081494
2.233050847457627
2.235194585448393
2.2363175675675677
2.2365935919055646
2.236195286195286
2.238319327731092
2.2401006711409392
2.242713567839196
2.242140468227425
2.241569282136895
2.243666666666667
2.2460898502495836
2.248338870431893
2.2489220563847434
2.2503311258278145
2.2504132231404963
2.2491749174917492
2.2487644151565074
2.248848684210526
2.2492610837438423
2.248852459016393
2.247626841243863
2.2472222222222222
2.247960848287113
2.25
2.249756097560976
2.249188311688312
2.2508914100486224
2.2519417475728156
2.2533117932148623
2.2522580645161296
2.2536231884057973
2.2545016077170414
2.2569823434991974
2.257211538461538
2.2590400000000006
2.2599041533546322
2.2596491228070175
2.260031847133758
2.2610492845786965
2.2615873015873014
2.2624405705229793
2.2623417721518986
2.264296998420221
2.2641955835962144
2.2661417322834643
2.2655660377358493
2.2653061224489797
2.266771159874608
2.2677621283255087
2.269375
2.2700468018720747
2.270249221183801
2.2706065318818043
2.270807453416149
2.271937984496124
2.2733746130030963
2.27387944358578
2.276851851851852
2.2773497688751925
2.2772307692307696
2.277419354838709
2.278067484662577
2.2788667687595714
2.279663608562691
2.2803053435114498
2.2824695121951217
2.284322678843227
2.2837386018237082
2.28391502276176
2.2845454545454547
2.284568835098336
2.285045317220544
2.284917043740573
2.284487951807229
2.2854135338345865
2.285885885885886
2.2851574212893553
2.2863772455089824
2.2866965620328847
2.2871641791044777
2.287779433681073
2.2886904761904767
2.288855869242199
2.2888724035608314
2.2894814814814812
2.2905325443786984
2.2914327917282127
2.2927728613569323
2.29440353460972
2.295735294117647
2.2960352422907486
2.297360703812317
2.296778916544656
2.296783625730994
2.2959124087591243
2.296355685131195
2.2965065502183406
2.2959302325581397
2.2969521044992742
2.297971014492753
2.2985528219971054
2.298988439306359
2.300865800865801
2.3012968299711813
2.302014388489209
2.303879310344828
2.3047345767575322
2.304584527220631
2.3047210300429186
2.305285714285714
2.305420827389444
2.305128205128205
2.305263157894737
2.3048295454545453
2.305815602836879
2.3052407932011336
2.3056577086280052
2.3063559322033895
2.3070521861777147
2.307887323943662
2.308579465541491
2.3113764044943825
2.3122019635343616
2.311904761904762
2.312587412587413
2.3121508379888267
2.3128312412831242
2.3129526462395544
2.314603616133519
2.315416666666667
2.316366158113731
2.3168975069252076
2.31701244813278
2.31767955801105
2.317931034482759
2.31969696969697
2.3211829436038514
2.321565934065934
2.320713305898491
2.322191780821918
2.3232558139534882
2.3234972677595627
2.3238744884038196
2.324931880108992
2.3235374149659864
2.3236413043478263
2.3232021709633655
2.3239837398373986
2.323951285520974
2.3235135135135137
2.3259109311740893
2.3272237196765504
2.3278600269179006
2.3275537634408603
2.3297986577181207
2.3313672922252007
2.3313253012048194
2.331283422459893
2.3317757009345796
2.3310666666666666
2.3307589880159787
2.333244680851064
2.3339973439575035
2.337002652519894
2.338807947019868
2.3403439153439156
2.3404227212681645
2.3412928759894456
2.3420289855072465
2.3427631578947365
2.344546649145861
2.3447506561679794
2.3442988204456094
2.3441099476439793
2.346013071895425
2.346083550913838
2.346936114732725
2.3485677083333334
2.3485045513654095
2.348441558441558
2.350324254215305
2.351424870466321
2.354333764553687
2.3532299741602065
2.353548387096775
2.3537371134020617
2.3549549549549544
2.3559125964010286
2.356739409499358
2.356923076923077
2.3569782330345714
2.356649616368286
2.3573435504469993
2.357015306122449
2.3584713375796182
2.3587786259541987
2.3590851334180436
2.358756345177665
2.360836501901141
2.360886075949367
2.361314791403287
2.360606060606061
2.3617906683480454
2.3637279596977328
2.365408805031447
2.365075376884422
2.365495608531995
2.3664160401002503
2.366458072590738
2.367
2.366916354556804
2.3678304239401493
2.3683686176836862
2.370646766169154
2.371925465838509
2.3717121588089327
2.373977695167286
2.3746287128712873
2.3744128553770087
2.374320987654321
2.373982737361282
2.3746305418719214
2.3763837638376386
2.377518427518427
2.378650306748466
2.3784313725490196
2.3791921664626683
2.3786063569682154
2.3774114774114774
2.3780487804878048
2.3780755176613884
2.3787104622871045
2.3789793438639126
2.378640776699029
2.379757575757576
2.3818401937046003
2.382103990326481
2.381521739130435
2.3821471652593487
2.3827710843373495
2.3829121540312874
2.3828125
2.3847539015606243
2.3847721822541965
2.384431137724551
2.3857655502392343
2.3866188769414576
2.387112171837709
2.3866507747318235
2.386904761904762
2.3866825208085616
2.3876484560570073
2.3868327402135234
2.3870853080568724
2.38698224852071
2.3855791962174946
2.386068476977568
2.3867924528301887
2.3871613663133098
2.388941176470589
2.390129259694477
2.39037558685446
2.3921453692848766
2.392622950819672
2.3953216374269006
2.3962616822429905
2.3969661610268376
2.3963869463869463
2.39627473806752
2.396860465116279
2.396747967479675
2.398491879350348
2.398957126303592
2.3989583333333337
2.4010404624277455
2.402078521939954
2.401845444059977
2.4016129032258062
2.401956271576525
2.4022988505747134
2.402181400688863
2.4021788990825685
2.402061855670103
2.4014874141876428
2.4010285714285713
2.4020547945205477
2.4026225769669325
2.405239179954442
2.4060295790671216
2.406704545454546
2.4082860385925082
2.4085034013605444
2.4095130237825595
2.4107466063348415
2.411751412429379
2.413092550790068
2.412739571589628
2.4128378378378383
2.4139482564679415
2.414831460674157
2.4150392817059485
2.416031390134529
2.4183650615901455
2.4176733780760626
2.4193296089385474
2.4196428571428568
2.420066889632108
2.4207126948775057
2.4224694104560625
2.4226666666666667
2.4241953385127637
2.426164079822617
2.4272425249169434
2.4267699115044246
2.4289502762430937
2.4288079470198674
2.4295479603087102
2.4300660792951545
2.431353135313531
2.4316483516483514
2.43172338090011
2.4313596491228067
2.431653888280394
2.4308533916849013
2.430054644808743
2.4305676855895197
2.430316248636859
2.429956427015251
2.430359085963003
2.430217391304348
2.4297502714440826
2.4305856832971804
2.4308775731310943
2.4311688311688315
2.4320000000000004
2.43207343412527
2.4330097087378646
2.433297413793104
2.4340150699677077
2.434516129032258
2.4367346938775514
2.4362660944206005
2.4391211146838154
2.440149892933619
2.4398930481283423
2.4396367521367526
2.43906083244397
2.4398720682302772
2.440255591054313
2.441063829787234
2.4415515409139212
2.4417197452229296
2.441781548250265
2.4408898305084743
2.4411640211640213
2.4403805496828754
2.4404435058078144
2.441139240506329
2.4422550052687035
2.4430526315789476
2.444374342797056
2.445378151260504
2.445645330535152
2.446436058700209
2.4469109947643974
2.4463389121338914
2.4474399164054335
2.4484342379958246
2.449947862356621
2.4506249999999996
2.450780437044745
2.451663201663201
2.453063343717549
2.453838174273859
2.4537823834196892
2.453312629399586
2.4542916235780767
2.456301652892562
2.4567595459236324
2.4578350515463914
2.459114315139032
2.459670781893004
2.46207605344296
2.462217659137577
2.462871794871795
2.4630122950819673
2.463868986693961
2.4645194274028634
2.4656792645556687
2.465816326530612
2.467380224260958
2.4686354378818733
2.4681586978636827
2.4698170731707316
2.4698477157360403
2.47079107505071
2.4714285714285715
2.4741902834008096
2.476036400404449
2.4756565656565654
2.475681130171544
2.4788306451612905
2.4827794561933536
2.482897384305835
2.484522613065326
2.484939759036145
2.487462387161485
2.487975951903808
2.4883883883883877
2.4882999999999997
2.4895104895104896
2.4895209580838324
2.4891326021934197
2.4899402390438246
2.49134328358209
2.492047713717694
2.492353525322741
2.493055555555556
2.494152626362735
2.4962376237623762
2.497725024727992
2.4979249011857707
2.4986179664363277
2.4987179487179487
2.4992118226600986
2.4992125984251965
2.499016715830875
2.4990176817288803
2.499705593719333
2.4992156862745096
2.499510284035259
2.4991193737769075
2.498533724340176
2.49912109375
2.500975609756097
2.5008771929824563
2.50126582278481
2.500875486381323
2.501360544217687
2.5023300970873783
2.500969932104753
2.50125968992248
2.502129719264279
2.503384912959381
2.5035748792270534
2.5034749034749035
2.5043394406943107
2.504142581888247
2.504331087584216
2.5051923076923073
2.5054755043227663
2.5052783109404992
2.50575263662512
2.5065134099616855
2.50822966507177
2.5082217973231358
2.508404966571156
2.5089694656488555
2.5102001906577693
2.5115238095238093
2.5113225499524265
2.5118821292775664
2.5122507122507125
2.5125237191650855
2.5131753554502367
2.5129734848484846
2.5140018921475877
2.5139886578449904
2.514919735599622
2.5154716981132075
2.516116870876531
2.518738229755179
2.519096895578551
2.5212406015037594
2.521971830985916
2.5231707317073173
2.5259606373008436
2.5276217228464413
2.5293732460243215
2.5291588785046732
2.5293183940242763
2.529664179104478
2.5294501397949674
2.529702048417132
2.5308837209302326
2.531412639405205
2.5311049210770658
2.5316326530612243
2.534105653382762
2.5348148148148146
2.536540240518039
2.53724584103512
2.538504155124653
2.538191881918819
2.5384331797235022
2.538305709023941
2.5387304507819684
2.53860294117647
2.5382920110192835
2.538073394495413
2.5385884509624197
2.538827838827839
2.539981701738335
2.540219378427788
2.5402739726027397
2.5405109489051094
2.5405651777575207
2.540528233151184
2.54049135577798
2.541454545454546
2.5415077202543146
2.541470054446461
2.5409791477787853
2.541666666666667
2.5420814479638008
2.541952983725136
2.5444444444444447
2.5443140794223824
2.545356176735798
2.5457657657657657
2.545724572457245
2.545773381294964
2.5455525606469003
2.546229802513465
2.547713004484305
2.548207885304659
2.5477170993733216
2.548032200357782
2.547899910634495
2.549196428571429
2.5496877787689565
2.5502673796791444
2.5504007123775603
2.5501779359430605
2.5522666666666667
2.552220248667851
2.552706299911269
2.55177304964539
2.5517271922054916
2.5518584070796457
2.5537577365163573
2.5527385159010603
2.5535745807590464
2.5530864197530865
2.552599118942731
2.552288732394366
2.5533861037818824
2.553075571177504
2.553994732221247
2.553684210526316
2.5553023663453107
2.555604203152364
2.5549431321084866
2.5547202797202795
2.5565065502183404
2.5579406631762653
2.558849171752398
2.5582752613240416
2.557789382071366
2.55704347826087
2.5560382276281493
2.555381944444444
2.5562012142237642
2.5558058925476606
2.5562770562770565
2.5562283737024227
2.5566983578219533
2.5563039723661487
2.5560828300258844
2.5566379310344827
2.5574504737295434
2.5580034423407922
2.558125537403267
2.558591065292096
2.5592274678111586
2.5582332761578046
2.5584404455869754
2.558304794520548
2.558340461933276
2.558034188034188
2.5584970111016228
2.558532423208191
2.5593350383631708
2.5588586030664393
2.5595744680851067
2.5592687074829934
2.559303313508921
2.5598471986417657
2.5606446140797288
2.560762711864407
2.5613886536833195
2.5617597292724197
2.5615384615384613
2.5609797297297296
2.56126582278481
2.561720067453625
2.561246840775063
2.560858585858586
2.5614802354920103
2.5628571428571427
2.5629722921914357
2.5624161073825507
2.562447611064543
2.5618927973199326
2.561506276150628
2.56128762541806
2.5619047619047617
2.5631886477462436
2.563969974979149
2.56475
2.5654454621149045
2.565391014975041
2.567082294264339
2.568023255813954
2.56804979253112
2.56865671641791
2.5681855840927916
2.5699503311258285
2.570967741935484
2.5711570247933886
2.5710156895127994
2.570544554455446
2.5708161582852433
2.570428336079077
2.5702880658436214
2.570394736842105
2.5729663105998357
2.5738095238095235
2.575061525840853
2.5759836065573767
2.576822276822277
2.577004909983633
2.577596075224857
2.5773692810457516
2.5768163265306123
2.5764274061990213
2.5770986145069275
2.5770358306188927
2.578275020341741
2.5776422764227642
2.5778229082047117
2.634415584415584
2.534955393349554
2.501755807671529
2.485303643724696
2.475275080906149
2.4685798976017246
2.4788829909993075
2.4740617433414043
2.4705913978494625
2.467147461724416
2.4647123407992972
2.4619267900241346
2.4606975018550576
2.458858290304074
2.457800963081862
2.456841419406576
2.4563489819004523
2.456218307979717
2.4550694736842105
2.4551278976818542
2.4543016887266087
2.463828629471087
2.463924138409264
2.4717164674634793
2.4827547770700638
2.4818982926381494
2.4846199140316783
2.4837654601157384
2.4857443897099065
2.488535553793285
2.487022647103931
2.4862307007125892
2.484488876102801
2.483531736805394
2.482166553825322
2.4818885381040077
2.4791989939466275
2.4861245904359004
2.4881122551988692
2.4897856018882765
2.491858413867157
2.496008678412449
2.494549304516082
2.493925133689839
2.4929554162312786
2.492969255387967
2.492474944228016
2.4920185040396143
2.4915194515306123
2.4932396565183454
2.492413814199627
2.491618202530128
2.491474166813613
2.4913561031848963
2.4911070267213344
2.4915029415029415
2.491143619919363
2.4917364436478424
2.491262646170017
2.4930544797314744
2.4929262041313502
2.4932016066661675
2.4934152744044553
2.4933349420849424
2.4928062678062686
2.4924464381673324
2.4941804843272086
2.4934610333740888
2.4941393534002225
2.494520698363896
2.4946052660046303
2.4945467724055597
2.4923617530884945
2.4927254841047946
2.492867789688616
2.4931713848508035
2.4937120219230313
2.493877690936515
2.493897961155667
2.493772883295194
2.493502521830774
2.494457860420188
2.494124442977389
2.4939498460981353
2.4937055247630973
2.4951378220409315
2.4943732231001343
2.4936151698945475
2.493469526727954
2.4931777273109597
2.4931937956143706
2.4929121890302017
2.492862131696066
2.493344841429145
2.4922473604826543
2.4922106568701334
2.4929310023599554
2.4935036317009875
2.4930265056580843
2.4930045078888052
2.492760830137068
2.493646205669064
2.4931842331261556
2.4931755978104295
2.4927958368976335
2.494289524562171
2.4941396700333884
2.4943663043177606
2.495214295495002
2.4956613110975527
2.4974584122125103
2.498347250292522
2.500331199957859
2.4996549924998366
2.501308224045481
2.5028601233904206
2.50323429455477
2.5057795479388374
2.506939309056956
2.508551073279053
2.5082638515330826
2.5083499933359987
2.50858762354241
2.5099178669206044
2.510794690265487
2.51072101156847
2.5110926211543143
2.514886290470934
2.5164215686274507
2.5211258689877356
2.520973310466198
2.5209325462993846
2.519630454435208
2.520862172653217
2.521271623013937
2.5217570678600625
2.5222451658342937
2.522735838070738
2.5243863886992597
2.525867458580806
2.5275499865599733
2.5298221228316735
2.530439938518541
2.530954545454546
2.532842321571772
2.53352185115548
2.533695684369539
2.5330747898006782
2.536374379924132
2.5366990103789524
2.5372356024956635
2.5372535867869237
2.537856076920171
2.5375873224248675
2.5367490573942186
2.5367875695561346
2.5371129242460393
2.53794461000082
2.5367101036152215
2.5372901689432066
2.5359949489540945
2.536663476110712
2.5359960743237893
2.536335781099747
2.5358179213336802
2.5363351760657524
2.5357216896678745
2.5351177711971133
2.5357781065088756
2.5367905277742784
2.541249343043772
2.544339786835519
2.5445798955914563
2.546902278398168
2.5482084942084944
2.548509481811721
2.5499337923728813
2.550502787059114
2.5533028249930663
2.5530726828884163
2.5549367692861504
2.556377203829433
2.5573128975661032
2.558451759102781
2.559956481905634
2.5607026050796398
2.560322213255093
2.560938554271063
2.5610522393620982
2.56152042668247
2.562162649759574
2.563802266338721
2.564053312569133
2.5677746427925485
2.569857230193836
2.5690423751841314
2.569281875186623
2.5697337263467426
2.569851003268089
2.5725845562543674
2.576670071430556
2.580352442083008
2.5847702867036295
2.5858734713397555
2.585289082138732
2.5853365628230334
2.585939946114101
2.5873002084781094
2.587488370547581
2.5902085192161524
2.589699009406367
2.5900806103636294
2.5925464606661204
2.593088962907868
2.593926147511982
2.594550346822289
2.596205158235099
2.5972768312217855
2.596926468272713
2.5968996303489758
2.5963246201214116
2.5956467823639193
2.595905835764645
2.597197471772214
2.6009801587301586
2.6018075691960085
2.600517575823498
2.600537498647235
2.6011883112998744
2.6017177037764485
2.602909493607168
2.6017091121219975
2.601403937709608
2.601600303375047
2.6011004034715968
2.6004702321121167
2.6008812471975995
2.601577989943425
2.601038340022201
2.6000169952413326
2.5996208618978898
2.599696745271639
2.6001211674511837
2.599869130313976
2.599416238039931
2.6003880641379196
2.6003440473777344
2.5996960129991926
2.5999880603495065
2.599886563133018
2.599783322848955
2.5996821115499467
2.599591958492697
2.5996980301704715
2.599794157232206
2.6006291505548083
2.6011934647085893
2.6016373300847038
2.6019481226192633
2.6020412216891087
2.6018653765163893
2.6030286374582654
2.6041710568509777
2.6043886186277487
2.6046052366057912
2.607610961270913
2.6081914462729334
2.609487419473679
2.610428500619579
2.6099484294421003
2.6094786287410145
2.6101084595514847
2.610068632608526
2.610594854135849
2.6109870819751295
2.6132920765894427
2.613838828294822
2.6139279431325715
2.6143108072823944
2.6146790205162143
2.6142391120149133
2.6143301786409046
2.614620899869767
2.6143187839910746
2.6149604221635885
2.616168044216825
2.617473706922275
2.618218308828908
2.6192121198324534
2.620365458296493
2.620480828716059
2.6212504159958265
2.621150555839223
2.6207759562841533
2.6216056156563075
2.623521434007681
2.6231433003684312
2.624009858617072
2.6233735545500254
2.624437840191596
2.6241373402843435
2.6252720502153504
2.6250971381362387
2.625379950282873
2.625928961748634
2.6267975982412053
2.628383661678308
2.6286003307933137
2.629077459757071
2.629231123484959
2.629837226469154
2.6294124000864114
2.6303942707212498
2.6326590810710533
2.6318452124273595
2.6318043088705787
2.6314493515597617
2.63366343065723
2.632915764991405
2.634313144745325
2.635594710473071
2.6354889154631587
2.635641966601719
2.6349730062323844
2.636658295432074
2.6366856980743996
2.6370201348078184
2.6370331982665562
2.637238329046839
2.6375070370586067
2.6377392064554313
2.6373202984683455
2.636883750758431
2.636296034129823
2.6358824650692894
2.6362149390707144
2.6356344243929026
2.6353939681929095
2.635535764613043
2.6355498558430375
2.635143232372979
2.635412089239841
2.6363008953808427
2.6366029900332224
2.6378996542337965
2.6382514542502227
2.637970217288875
2.6375978176206387
2.637508795473505
2.6374842324026386
2.6381561080676126
2.6385434014816513
2.639147673620053
2.6392482489440194
2.638845354599222
2.639509922615634
2.639794431626555
2.639833210866608
2.639962859795729
2.640280745862141
2.641263276214869
2.6413291229238416
2.6419975389805437
2.6427288229012365
2.642770968517183
2.6440891562389863
2.64440427919095
2.6442185333224577
2.6441783536585364
2.6447853537485018
2.6451002957892933
2.6455394455288803
2.645790851290005
2.645774401519316
2.6457413034454134
2.6464740364628154
2.646850132625995
2.64759849523678
2.648019797112375
2.6479300205821814
2.648181128413539
2.648280171252552
2.6475268618905723
2.6470849458204335
2.64601340491192
2.6475658563001274
2.6483239268820093
2.6484622046191166
2.648825732330445
2.649066261725115
2.649131506996194
2.650216907465389
2.650139604407175
2.6513718078875437
2.6525551559313056
2.653625374830046
2.653946985685021
2.6551688769198973
2.656762458292971
2.6567588902513792
2.6577873636985965
2.6579542581032376
2.658744696295531
2.6595273564053654
2.660251139485043
2.6609089076196697
2.661817761817762
2.6634588582229717
2.663993380642853
2.6645260920616516
2.6644496208113653
2.665830472318574
2.667387609503779
2.6671851460288094
2.667406930272731
2.667205817103358
2.667612511932202
2.668255372982321
2.669131409561004
2.6706491015546137
2.670024960747212
2.6704165627338483
2.6721647642651525
2.6717043835147924
2.67131031543052
2.672016286008143
2.6724534794043784
2.6720066981009842
2.6725983654899315
2.67227979782423
2.671842830458928
2.671912930669696
2.6732751154734418
2.673719848881139
2.6751729657380197
2.6754932499738584
2.67625981594587
2.675941490132992
2.6754336884317924
2.676315080789946
2.675914759843331
2.676424338644373
2.6767881367131348
2.676103267446551
2.6777965192673836
2.678766802773477
2.678856660613866
2.6797659374202327
2.6800942570792237
2.681390442197105
2.681481369186192
2.6825438139857716
2.6832618909041335
2.684425940208369
2.685029004210499
2.6845050905271477
2.6839407012558727
2.685120649669968
2.684892421136765
2.685374103309078
2.6850277944441876
2.6872213826732434
2.6871886801594242
2.687018233140067
2.6874584094136744
2.688441354473054
2.6889547597248815
2.68913551460638
2.6891763451649315
2.6894656459904684
2.6899743276924113
2.6905047921414846
2.6900836484729376
2.692349134464284
2.6921965817239464
2.6934265973524734
2.6941377117915932
2.694720908995204
2.6947186511860726
2.695359317163452
2.6947399547282727
2.695029951578483
2.695054248171797
2.695322506806737
2.696027923966068
2.697106758606144
2.6974501174901335
2.70095544969912
2.700738098635088
2.701220339385028
2.7028073262984593
2.703836898206475
2.7033547389673527
2.7045838174030394
2.7054019921111463
2.7059310616956496
2.706343267940979
2.707162600662918
2.7074883871789823
2.7073517042172157
2.7072729829025555
2.7082797488637493
2.7075136264305746
2.7074855907780977
2.7072909157275173
2.7077624635633195
2.708011997739359
2.708046755081434
2.707367838673983
2.70709238548952
2.7067604548385575
2.706992254733219
2.708152149614608
2.7087476168708817
2.710414261724441
2.7108321907322854
2.710905417188586
2.712879174199929
2.714083897605285
2.715615362649914
2.716003098186662
2.7164265746951584
2.716031316564597
2.717143929014158
2.717032866905304
2.717094468405574
2.7171168720708585
2.7168550915637333
2.71636642893968
2.717070918110422
2.7170755924935497
2.7168928774005345
2.7161620996115774
2.7166004604725678
2.71749695706015
2.7183152573296505
2.7189996798031633
2.719380659478293
2.7188178568808112
2.7179897316853836
2.7173572891935764
2.718228428477178
2.7179655594104326
2.7183228044739023
2.717722539052814
2.7176151929106345
2.7176351013710125
2.718595187979797
2.717938949264239
2.7196926139553876
2.719790667310329
2.7198059165874158
2.719291431166325
2.7214053130277382
2.7211715747102083
2.721746486414673
2.722064712284972
2.7219115823300895
2.722183667962543
2.7232801906357182
2.72377112776929
2.725118144305752
2.7253155871852295
2.725355103814773
2.725868695429371
2.7262652123385855
2.7264850421691356
2.7269461124725005
2.7286649091974224
2.7290028931295476
2.72895216640005
2.728513375143991
2.7286377373530994
2.7303529684287744
2.731708315277577
2.7318132032835267
2.731641961012868
2.7317959414767765
2.731985515128961
2.7307595346446045
2.730749962954941
2.731545273445126
2.7314381568172834
2.7316067587456128
2.73196345871456
2.732571316406859
2.732243530997051
2.7318561069287526
2.731924009776302
2.7329796442632563
2.7329312166953628
2.7331019925575606
2.7328253971775984
2.7370672939440057
2.7371731386968805
2.737501515301793
2.7373403303900976
2.73798921500683
2.7384343669321365
2.738314582195522
2.7379800950381097
2.738851582196461
2.739290190270024
2.738849179854557
2.7385195988404543
2.7390049783421455
2.7388370713098724
2.7389957356686985
2.7389913079174697
2.738876412498553
2.738871858845523
2.738706251174732
2.739190903525565
2.73956621911496
2.740158814047512
2.740805113943988
2.7411259796389453
2.7422038677427314
2.7428482731519885
2.743006657255886
2.7439193560167356
2.7451017989425335
2.745746301866079
2.7458488838205817
2.745631465517241
2.7465925493900123
2.7474942616351035
2.7474340700945303
2.747808776518454
2.747963972262736
2.7482828647348505
2.748545373937504
2.748438103858593
2.748745020762679
2.749218084073896
2.7490010207072193
2.7487846200908295
2.748301356398993
2.7480290058831898
2.7483449692677713
2.7495026467725383
2.750751788408155
2.751730980213812
2.7522273291925465
2.7528039205963535
2.7524793367982303
2.7531088023202033
2.7535727074422307
2.7543807986099726
2.75521449310923
2.7564905458944056
2.7573090193497523
2.7574071003339156
2.7580890500409643
2.758287097374791
2.7586440278154774
2.7589739248768153
2.758740572921779
2.7586729933922647
2.7593845648446385
2.7599290587328444
2.7601775024218655
2.7613307722569167
2.761351050640557
2.7636129881666194
2.7636903376755773
2.764257886862681
2.7648169695364406
2.7652534812367247
2.766434084181931
2.7664127179641484
2.7670392769561847
2.766930182176883
2.76712773662936
2.76765574598733
2.768105748674302
2.770103954739277
2.7698799816426147
2.769708996136912
2.770114199525964
2.771547272347459
2.7726317693570612
2.7737773300225967
2.773854457728307
2.773263718513326
2.774280376134357
2.7760651788844823
2.776327226510901
2.776048999153362
2.776552293868682
2.7769579444952277
2.7775529865125237
2.778164628164628
2.7786995022268797
2.779428419880918
2.780793726774392
2.781151065324419
2.781193768465333
2.782537006975175
2.7829166974920474
2.783827599141126
2.7850607900271642
2.7858516683558863
2.7865504610054033
2.7878021511048594
2.7882404816887774
2.7890381165493823
2.7895652864339766
2.790626190510811
2.7913707904303724
2.7914555875668654
2.7913994778143376
2.7917688980081836
2.79194659869089
2.7936915602383228
2.794609311560831
2.794323040618136
2.7951369247282014
2.7955326129595948
2.794749629819466
2.795065127555081
2.796497681668801
2.7967245965646947
2.796117901400291
2.7958852690219302
2.7966085578223825
2.7971507573767127
2.7974166147787893
2.797525195263291
2.79777077672141
2.7975733882202336
2.7977004918867907
2.8000752286032626
2.8004352739702285
2.80009951488225
2.800662908092217
2.800429600886918
2.8020424988404278
2.8028238187150967
2.80331550728811
2.8034175487869306
2.803705550538742
2.8036907114152894
2.803557710630189
2.803660639078336
2.8037812864022045
2.804205497419405
2.804510664112216
2.804328599749161
2.8046518593303045
2.804797236379076
2.804899826718598
2.805387254744463
2.8067942593322592
2.8067390941891253
2.8067711953091923
2.806406869220608
2.8065273250901064
2.80652849226369
2.8065297787411776
2.806581384671405
2.807258343835972
2.8068773818177997
2.8067199412142925
2.8073136469016466
2.80714439805923
2.8075758287622694
2.8079066877188597
2.8077570871261375
