0.5
0.8
0.8666666666666666
0.975
1.14
1.1166666666666667
1.1
1.1875
1.1777777777777776
1.1800000000000002
1.1727272727272726
1.15
1.1769230769230767
1.1571428571428575
1.1533333333333335
1.125
1.0764705882352943
1.0611111111111111
1.0473684210526317
1.03
1.0333333333333332
1.0454545454545454
1.0304347826086957
1.0458333333333336
1.064
1.0692307692307694
1.0703703703703704
1.0678571428571426
1.0758620689655172
1.0699999999999998
1.0806451612903225
1.109375
1.106060606060606
1.1205882352941177
1.1485714285714288
1.152777777777778
1.145945945945946
1.1526315789473682
1.1666666666666667
1.175
1.175609756097561
1.1738095238095236
1.1883720930232557
1.190909090909091
1.1888888888888889
1.2065217391304348
1.202127659574468
1.2208333333333332
1.2142857142857142
1.21
1.203921568627451
1.2038461538461536
1.2037735849056603
1.2092592592592593
1.210909090909091
1.2303571428571427
1.2350877192982455
1.2310344827586206
1.2372881355932202
1.2349999999999999
1.239344262295082
1.2338709677419355
1.234920634920635
1.2390625
1.2415384615384615
1.2454545454545456
1.2417910447761193
1.2426470588235294
1.2420289855072464
1.2600000000000002
1.2661971830985914
1.2666666666666666
1.2630136986301368
1.2675675675675677
1.2653333333333332
1.2671052631578947
1.2662337662337664
1.2679487179487179
1.2658227848101267
1.2650000000000001
1.262962962962963
1.270731707317073
1.266265060240964
1.2630952380952383
1.2635294117647058
1.2709302325581395
1.2701149425287357
1.269318181818182
1.2685393258426967
1.2677777777777777
1.268131868131868
1.2663043478260871
1.2698924731182797
1.2691489361702128
1.2789473684210526
1.2812500000000002
1.2896907216494846
1.296938775510204
1.304040404040404
1.307
1.3049504950495048
1.3039215686274512
1.3038834951456308
1.3019230769230767
1.3009523809523809
1.3037735849056604
1.2990654205607475
1.298148148148148
1.2999999999999998
1.298181818181818
1.298198198198198
1.3
1.2973451327433627
1.2956140350877192
1.2878260869565215
1.2844827586206897
1.2863247863247862
1.2796610169491525
1.2747899159663865
1.271666666666667
1.2694214876033059
1.2737704918032788
1.2821138211382113
1.2822580645161288
1.3144000000000002
1.3134920634920635
1.3102362204724411
1.30859375
1.3100775193798448
1.31
1.3068702290076335
1.3045454545454547
1.3015037593984962
1.2955223880597018
1.294074074074074
1.2941176470588238
1.2934306569343066
1.2963768115942027
1.3007194244604317
1.2999999999999998
1.2985815602836879
1.297887323943662
1.2944055944055943
1.2916666666666665
1.2951724137931033
1.2952054794520547
1.2959183673469385
1.29527027027027
1.2999999999999998
1.2966666666666664
1.294701986754967
1.299342105263158
1.3
1.3006493506493506
1.3
1.298076923076923
1.301910828025478
1.2993670886075948
1.3
1.3012499999999998
1.306832298136646
1.3074074074074074
1.3098159509202454
1.3128048780487807
1.3121212121212122
1.3132530120481927
1.3125748502994012
1.3125
1.3100591715976333
1.308235294117647
1.3076023391812863
1.3081395348837208
1.3115606936416184
1.3160919540229883
1.3177142857142858
1.3193181818181818
1.3203389830508474
1.3252808988764042
1.3284916201117318
1.3333333333333335
1.3397790055248617
1.3494505494505495
1.3546448087431695
1.3608695652173912
1.3632432432432433
1.361290322580645
1.3684491978609623
1.374468085106383
1.3777777777777775
1.3847368421052628
1.3916230366492146
1.3927083333333334
1.398445595854922
1.4067010309278352
1.4143589743589744
1.4158163265306123
1.420304568527919
1.423737373737374
1.430150753768844
1.4354999999999998
1.4398009950248756
1.4386138613861386
1.440886699507389
1.4455882352941176
1.4521951219512197
1.4519417475728156
1.4550724637681158
1.45625
1.457416267942584
1.4538095238095239
1.4592417061611374
1.4627358490566038
1.463380281690141
1.467289719626168
1.4674418604651163
1.4708333333333334
1.4728110599078341
1.4761467889908255
1.4785388127853882
1.4786363636363635
1.4819004524886876
1.481081081081081
1.481165919282511
1.4924107142857144
1.492
1.4933628318584073
1.4933920704845813
1.492543859649123
1.5
1.5030434782608695
1.5056277056277056
1.5068965517241382
1.5107296137339057
1.5153846153846156
1.5170212765957447
1.5203389830508474
1.520253164556962
1.5247899159663867
1.5280334728033476
1.5304166666666668
1.533195020746888
1.5330578512396695
1.5366255144032925
1.5401639344262295
1.546122448979592
1.546747967479675
1.5477732793522265
1.5495967741935481
1.5542168674698795
1.5528
1.554980079681275
1.5575396825396823
1.5640316205533598
1.5625984251968503
1.5647058823529412
1.5640625
1.5688715953307393
1.5701550387596899
1.5779922779922777
1.5838461538461537
1.5839080459770112
1.5847328244274808
1.5870722433460078
1.5882575757575756
1.5883018867924528
1.586842105263158
1.5880149812734081
1.588805970149254
1.5892193308550184
1.588888888888889
1.5878228782287827
1.5893382352941179
1.5923076923076922
1.5890510948905108
1.5876363636363637
1.5869565217391304
1.5942238267148015
1.597841726618705
1.599641577060932
1.5982142857142856
1.6021352313167259
1.6042553191489362
1.6028268551236748
1.6014084507042252
1.60140350877193
1.6048951048951046
1.6069686411149828
1.6100694444444446
1.6107266435986158
1.6086206896551722
1.6068728522336766
1.6061643835616437
1.6061433447098978
1.6061224489795918
1.6050847457627118
1.6064189189189189
1.610774410774411
1.6087248322147656
1.6076923076923078
1.6116666666666668
1.6122923588039868
1.6135761589403974
1.6191419141914192
1.6171052631578946
1.6180327868852458
1.6215686274509804
1.6221498371335503
1.6191558441558442
1.6184466019417478
1.6232258064516132
1.6244372990353697
1.6246794871794872
1.623961661341853
1.6245222929936305
1.626031746031746
1.6275316455696198
1.628706624605678
1.629245283018868
1.6304075235109718
1.6318750000000002
1.633021806853583
1.6301242236024844
1.6315789473684208
1.6373456790123455
1.6409230769230772
1.6401840490797543
1.640366972477064
1.6420731707317073
1.6449848024316107
1.6436363636363638
1.644712990936556
1.644578313253012
1.6459459459459462
1.6473053892215568
1.6504477611940296
1.65625
1.657566765578635
1.6579881656804738
1.6616519174041298
1.661176470588235
1.659824046920821
1.6608187134502923
1.6620991253644317
1.6625
1.6643478260869569
1.6664739884393065
1.6668587896253602
1.6663793103448274
1.6696275071633238
1.6680000000000004
1.6703703703703703
1.668181818181818
1.6682719546742208
1.665819209039548
1.664788732394366
1.6651685393258426
1.6624649859943976
1.6600558659217879
1.6584958217270196
1.6602777777777777
1.6628808864265927
1.6662983425414364
1.6661157024793387
1.6684065934065937
1.669041095890411
1.6680327868852458
1.6675749318801092
1.6679347826086954
1.6674796747967477
1.6681081081081082
1.67088948787062
1.6723118279569893
1.6734584450402146
1.672727272727273
1.6717333333333328
1.6718085106382978
1.6721485411140584
1.6708994708994709
1.6707124010554093
1.669736842105263
1.669816272965879
1.669371727748691
1.67154046997389
1.6713541666666667
1.6716883116883117
1.6707253886010363
1.6731266149870803
1.6739690721649487
1.6758354755784062
1.6774358974358972
1.678772378516624
1.6790816326530613
1.6783715012722644
1.6786802030456855
1.679493670886076
1.6795454545454547
1.6801007556675063
1.6798994974874373
1.6822055137844611
1.68325
1.6857855361596008
1.686318407960199
1.6870967741935483
1.6888613861386137
1.6883950617283954
1.692118226600985
1.6948402948402947
1.693627450980392
1.694376528117359
1.6963414634146339
1.6978102189781026
1.6980582524271846
1.7019370460048429
1.7024154589371983
1.702409638554217
1.704326923076923
1.7028776978417266
1.7035885167464115
1.7054892601431983
1.7085714285714289
1.7078384798099766
1.7078199052132703
1.7078014184397166
1.7068396226415092
1.7094117647058826
1.711032863849765
1.7103044496487119
1.7133177570093459
1.7149184149184147
1.7146511627906975
1.7171693735498839
1.7199074074074072
1.7207852193995383
1.7205069124423964
1.7222988505747128
1.7227064220183486
1.725171624713959
1.7237442922374426
1.7225512528473803
1.724318181818182
1.7244897959183672
1.7273755656108598
1.7284424379232504
1.7270270270270267
1.726067415730337
1.7264573991031391
1.729530201342282
1.7303571428571427
1.7320712694877503
1.7333333333333336
1.7383592017738358
1.7404867256637169
1.743487858719647
1.7451541850220262
1.7470329670329672
1.7486842105263158
1.7501094091903717
1.75
1.748148148148148
1.7469565217391303
1.749457700650759
1.7515151515151515
1.7516198704103672
1.752155172413793
1.7513978494623657
1.751716738197425
1.751820128479657
1.7517094017094017
1.7526652452025586
1.7521276595744684
1.7520169851380043
1.7529661016949152
1.7536997885835095
1.7529535864978905
1.7530526315789472
1.754621848739496
1.7551362683438156
1.757112970711297
1.75866388308977
1.7622916666666666
1.7632016632016634
1.7678423236514522
1.7666666666666668
1.7692148760330575
1.7713402061855674
1.774279835390947
1.7788501026694044
1.7790983606557376
1.7791411042944785
1.7804081632653062
1.7814663951120164
1.785569105691057
1.7851926977687629
1.7858299595141702
1.7856565656565657
1.7870967741935488
1.7899396378269619
1.7923694779116466
1.7945891783567132
1.7955999999999996
1.7980039920159683
1.7962151394422314
1.797415506958251
1.7982142857142858
1.7980198019801978
1.8007905138339921
1.8009861932938853
1.8047244094488188
1.804715127701375
1.805294117647059
1.8052837573385516
1.8044921875
1.8031189083820665
1.8023346303501948
1.8027184466019417
1.8019379844961243
1.8025145067698258
1.802895752895753
1.8025048169556839
1.8024999999999998
1.8017274472168903
1.8015325670498084
1.8024856596558319
1.8017175572519082
1.8047619047619048
1.8058935361216732
1.8068311195445923
1.8053030303030302
1.805671077504726
1.807169811320755
1.8080979284369119
1.8097744360902255
1.8103189493433394
1.808988764044944
1.8102803738317754
1.8115671641791042
1.8121042830540037
1.813197026022305
1.814471243042672
1.8142592592592592
1.8166358595194083
1.8186346863468636
1.8193370165745857
1.8200367647058826
1.8227522935779816
1.8234432234432236
1.8270566727605122
1.8281021897810217
1.8306010928961747
1.8318181818181816
1.8344827586206898
1.83731884057971
1.8376130198915006
1.8386281588447655
1.8414414414414413
1.8449640287769786
1.846858168761221
1.8510752688172043
1.8506261180679786
1.8510714285714287
1.8525846702317288
1.856583629893238
1.8602131438721135
1.8624113475177306
1.8653097345132743
1.866431095406361
1.8693121693121693
1.870774647887324
1.871177504393673
1.8756140350877195
1.8761821366024516
1.8762237762237763
1.877137870855148
1.8770034843205572
1.877913043478261
1.8770833333333337
1.8774696707105718
1.8780276816608996
1.8772020725388603
1.8779310344827587
1.8788296041308086
1.8805841924398625
1.8830188679245285
1.882705479452055
1.883931623931624
1.883447098976109
1.884667802385008
1.8843537414965987
1.8852292020373518
1.8857627118644067
1.8878172588832487
1.8893581081081083
1.8897133220910625
1.8895622895622897
1.8900840336134455
1.8936241610738254
1.8963149078726969
1.8988294314381275
1.8996661101836394
1.8993333333333333
1.901497504159734
1.9001661129568106
1.900995024875622
1.9004966887417218
1.9014876033057853
1.9021452145214521
1.9023064250411863
1.9026315789473685
1.9041050903119872
1.9060655737704917
1.905073649754501
1.905718954248366
1.905709624796085
1.9070032573289901
1.907967479674797
1.9081168831168829
1.9079416531604536
1.9074433656957925
1.9071082390953147
1.9075806451612902
1.9088566827697264
1.9083601286173635
1.9113964686998393
1.9113782051282056
1.9110399999999998
1.9132587859424919
1.9141945773524722
1.9133757961783442
1.9144674085850553
1.9153968253968254
1.9155309033280505
1.9155063291139238
1.9178515007898895
1.9184542586750788
1.9192125984251966
1.9199685534591198
1.9218210361067505
1.92115987460815
1.9209702660406882
1.921875
1.9232449297971919
1.924299065420561
1.9239502332814928
1.9236024844720496
1.9240310077519378
1.9238390092879254
1.9248840803709428
1.9266975308641974
1.9280431432973804
1.9283076923076923
1.9268817204301072
1.9268404907975458
1.926186830015314
1.9261467889908257
1.928091603053435
1.9286585365853661
1.9284627092846272
1.9303951367781156
1.9295902883156297
1.930909090909091
1.93267776096823
1.9333836858006042
1.9343891402714934
1.9343373493975904
1.9363909774436088
1.9376876876876878
1.9397301349325335
1.9411676646706588
1.9424514200298955
1.9435820895522387
1.945156482861401
1.9464285714285716
1.946508172362556
1.9470326409495553
1.9466666666666668
1.9468934911242606
1.9488921713441656
1.9494100294985248
1.9503681885125186
1.9516176470588236
1.955800293685756
1.9568914956011727
1.9584187408491947
1.960818713450292
1.9626277372262777
1.963702623906706
1.9643377001455604
1.9654069767441857
1.9670537010159657
1.9673913043478257
1.969753979739508
1.970086705202312
1.970851370851371
1.970893371757925
1.9719424460431654
1.975574712643678
1.9786226685796269
1.980229226361032
1.9798283261802578
1.9828571428571427
1.9845934379457915
1.9843304843304843
1.9853485064011376
1.9896306818181824
1.9909219858156029
1.9909348441926344
1.990947666195191
1.9913841807909605
1.9926657263751764
1.994647887323944
1.9947960618846696
1.9945224719101127
1.9967741935483871
1.9988795518207283
1.9990209790209792
1.9997206703910613
2.000836820083682
2.000139275766017
2.0013908205841444
2.00375
2.0054091539528427
2.0078947368421054
2.0088520055325034
2.0096685082872927
2.011448275862069
2.012809917355372
2.013480055020633
2.0142857142857142
2.015775034293553
2.0156164383561643
2.0172366621067033
2.016803278688524
2.017871759890859
2.0189373297002726
2.0189115646258506
2.018885869565218
2.020488466757123
2.0205962059620597
2.020297699594046
2.022297297297297
2.0244264507422405
2.026684636118598
2.0271870794078057
2.026881720430107
2.0285906040268453
2.0293565683646113
2.029317269076305
2.0302139037433156
2.0300400534045395
2.0326666666666666
2.033555259653795
2.0356382978723406
2.037715803452855
2.0401856763925723
2.0413245033112584
2.042989417989418
2.044782034346103
2.045910290237467
2.0469038208168646
2.047894736842105
2.050591327201052
2.0523622047244094
2.054521625163827
2.0553664921465966
2.057254901960784
2.05757180156658
2.0590612777053456
2.059895833333333
2.0596879063719116
2.06038961038961
2.0605706874189362
2.061010362694301
2.06261319534282
2.064341085271318
2.065806451612903
2.067783505154639
2.0693693693693693
2.0710796915167093
2.071116816431322
2.0719230769230768
2.0755441741357235
2.0773657289002556
2.078033205619413
2.079974489795918
2.081656050955414
2.0819338422391858
2.0818297331639135
2.0832487309644674
2.082382762991128
2.083417721518987
2.083691529709229
2.083838383838384
2.0851197982345524
2.085390428211587
2.0855345911949685
2.0873115577889445
2.0884567126725218
2.091228070175439
2.0906132665832287
2.0908749999999996
2.093757802746567
2.094139650872818
2.0938978829389785
2.095273631840796
2.0966459627329193
2.0975186104218357
2.0969021065675344
2.0992574257425742
2.1017305315203956
2.1035802469135803
2.1038224414303333
2.1050492610837437
2.105412054120541
2.1076167076167076
2.10920245398773
2.1099264705882357
2.111015911872705
2.1114914425427873
2.111233211233211
2.111463414634146
2.11278928136419
2.1137469586374698
2.114823815309842
2.115533980582524
2.116121212121212
2.117070217917676
2.117170495767836
2.1177536231884058
2.118335343787696
2.119156626506024
2.11985559566787
2.1201923076923075
2.1208883553421365
2.1213429256594725
2.121437125748503
2.1221291866028706
2.124133811230585
2.125656324582339
2.127413587604291
2.128214285714286
2.1313912009512483
2.1309976247030877
2.132621589561091
2.1329383886255924
2.1332544378698226
2.133215130023641
2.1345926800472252
2.134316037735849
2.135806831566549
2.136470588235294
2.136545240893067
2.1370892018779344
2.1395076201641268
2.1398126463700233
2.1405847953216375
2.1406542056074764
2.1415402567094515
2.142424242424242
2.142724097788126
2.1440697674418603
2.146341463414634
2.1460556844547565
2.1469293163383547
2.146990740740741
2.148208092485549
2.149076212471132
2.15040369088812
2.150230414746544
2.150287686996548
2.1533333333333333
2.1568312284730196
2.158256880733945
2.159679266895762
2.1616704805491986
2.163428571428571
2.163584474885844
2.1648802736602053
2.1658314350797268
2.165529010238908
2.1675
2.168898978433598
2.169387755102041
2.169309173272933
2.1699095022624437
2.1707344632768364
2.170880361173815
2.170462232243518
2.17027027027027
2.1718785151856017
2.1712359550561797
2.1716049382716047
2.1709641255605376
2.1708846584546473
2.171476510067114
2.1711731843575413
2.1708705357142852
2.173244147157191
2.173608017817372
2.1745272525027803
2.174111111111111
2.1759156492785787
2.17549889135255
2.1766334440753043
2.1764380530973453
2.178121546961326
2.1780353200883007
2.179382579933848
2.181057268722467
2.182508250825083
2.183296703296703
2.184412733260154
2.1861842105263154
2.189266155531216
2.191466083150985
2.192459016393443
2.1937772925764185
2.195856052344602
2.1950980392156856
2.194885745375408
2.195326086956522
2.1964169381107497
2.197830802603037
2.198374864572048
2.1989177489177494
2.1990270270270273
2.1995680345572355
2.2001078748651564
2.2010775862068965
2.202798708288482
2.203655913978495
2.20343716433942
2.204613733905579
2.2060021436227224
2.2065310492505352
2.206417112299465
2.206837606837607
2.2070437566702243
2.207995735607676
2.208839190628328
2.2101063829787235
2.2103081827842725
2.210615711252654
2.212301166489926
2.2137711864406784
2.214179894179894
2.2145877378435515
2.2148891235480463
2.215295358649789
2.214963119072708
2.2151578947368415
2.216298633017876
2.2174369747899165
2.218572927597062
2.2182389937106914
2.220104712041885
2.2201882845188283
2.2203761755485893
2.221294363256785
2.222314911366006
2.222916666666667
2.22528616024974
2.226923076923077
2.228660436137072
2.228423236514523
2.22839378238342
2.2282608695652173
2.229265770423991
2.229648760330579
2.2314757481940144
2.2324742268041238
2.2332646755921735
2.233641975308642
2.2362795477903394
2.2361396303901437
2.2379487179487176
2.2394467213114755
2.2401228249744114
2.2410020449897745
2.2431052093973443
2.2429591836734692
2.2450560652395515
2.244501018329939
2.245167853509664
2.2458333333333336
2.249644670050762
2.250101419878296
2.250050658561297
2.25080971659919
2.252477249747219
2.253232323232323
2.2542885973763873
2.254133064516129
2.25508559919436
2.2557344064386315
2.2558793969849242
2.2569277108433736
2.2593781344032093
2.2613226452905812
2.261961961961962
2.2626
2.263236763236763
2.263173652694611
2.264107676969093
2.2657370517928292
2.266766169154229
2.268489065606362
2.2699106256206556
2.270436507936508
2.2719524281466796
2.272673267326733
2.275568743818002
2.2762845849802376
2.2769990128331683
2.276923076923077
2.277241379310345
2.2768700787401572
2.2778761061946904
2.2783889980353633
2.2799803729146224
2.2819607843137257
2.2830558276199806
2.285225048923679
2.2863147605083087
2.28798828125
2.2881951219512198
2.2885964912280707
2.2894839337877313
2.290758754863813
2.2918367346938773
2.29252427184466
2.293113482056256
2.2927325581395346
2.2929332042594384
2.292553191489362
2.293140096618358
2.294980694980695
2.296528447444552
2.296917148362235
2.298075072184793
2.298846153846154
2.298847262247839
2.2989443378119003
2.3002876318312557
2.3012452107279695
2.3002870813397123
2.300669216061185
2.302387774594078
2.30219465648855
2.301811248808389
2.3028571428571434
2.304281636536632
2.305608365019011
2.3055080721747396
2.30550284629981
2.3056872037914693
2.3074810606060607
2.3068117313150425
2.3062381852551983
2.3075542965061375
2.307735849056604
2.307822808671065
2.307532956685499
2.3063969896519287
2.305921052631579
2.305258215962441
2.3050656660412754
2.305342080599812
2.3062734082397007
2.3069223573433115
2.306448598130841
2.306162464985994
2.3069029850746268
2.307642124883505
2.3090316573556797
2.308837209302326
2.309200743494424
2.308820798514392
2.3089981447124304
2.3098239110287304
2.310092592592592
2.3105457909343206
2.3113678373382625
2.3110803324099725
2.3103321033210333
2.310414746543779
2.310313075506446
2.3110395584176633
2.312867647058824
2.3128558310376492
2.31348623853211
2.313473877176902
2.3135531135531133
2.3136322049405305
2.314259597806216
2.315342465753425
2.3152372262773726
2.316226071103008
2.3167577413479052
2.318016378525933
2.318363636363636
2.3190735694822893
2.319600725952813
2.3203989120580237
2.3211956521739134
2.3215384615384616
2.3225135623869804
2.322131887985546
2.322202166064982
2.3229035166816954
2.322882882882883
2.322862286228623
2.3226618705035973
2.323000898472597
2.322172351885099
2.3225112107623316
2.3224014336917564
2.323097582811101
2.324686940966011
2.3250223413762288
2.3261607142857144
2.326672613737734
2.3271836007130124
2.32707034728406
2.327402135231316
2.3273777777777775
2.3278863232682063
2.3271517302573206
2.3274822695035455
2.3270150575730737
2.327699115044248
2.329000884173298
2.3304770318021206
2.3307149161518095
2.3312169312169315
2.3316299559471365
2.3316901408450708
2.3328056288478454
2.333479789103691
2.3342405618964
2.334736842105263
2.335495179666959
2.336427320490368
2.3371828521434823
2.337937062937063
2.3388646288209607
2.33804537521815
2.337837837837838
2.337456445993032
2.3382071366405572
2.339304347826087
2.3397046046915726
2.3408854166666666
2.3424111014744144
2.342720970537262
2.342943722943723
2.3435121107266434
2.3433016421780466
2.3429188255613127
2.343226919758412
2.3432758620689653
2.3430663221360897
2.3438037865748713
2.344282029234738
2.3451030927835053
2.3463519313304717
2.34631217838765
2.3464438731790915
2.34666095890411
2.3473053892215567
2.3474358974358975
2.3473953885567886
2.347269624573379
2.347740835464621
2.347955706984668
2.3480000000000003
2.348809523809524
2.349787595581988
2.3519524617996606
2.352332485156913
2.352457627118644
2.352497883149873
2.3538071065989845
2.355621301775148
2.356841216216216
2.3574683544303796
2.3584317032040474
2.358298230834035
2.357912457912458
2.3581160639192595
2.359243697478992
2.35936188077246
2.3593120805369123
2.3608549874266553
2.360217755443886
2.359246861924686
2.3602006688963213
2.3601503759398494
2.3607679465776292
2.36163469557965
2.362416666666667
2.362364696086594
2.3630615640599
2.3640066500415626
2.3640365448504985
2.364315352697095
2.3645107794361526
2.3652858326429165
2.3658112582781454
2.3659222497932175
2.365785123966942
2.365813377374071
2.365594059405941
2.3674361088211047
2.3677100494233936
2.3675720164609055
2.3675986842105265
2.3684470008216927
2.36888341543514
2.3691550451189496
2.3702459016393442
2.3698607698607694
2.3702127659574463
2.3705641864268197
2.3712418300653595
2.372
2.3719412724306688
2.372371638141809
2.374185667752443
2.3746135069161918
2.374715447154472
2.374817221770918
2.3751623376623376
2.376236820762368
2.3755267423014588
2.3757894736842102
2.376051779935275
2.376637025060631
2.3773021001615513
2.3770782889426956
2.3770967741935483
2.3777598710717163
2.3783413848631243
2.379082864038616
2.379581993569132
2.3800000000000003
2.3806581059390046
2.3807538091419405
2.3817307692307694
2.3812650120096075
2.38088
2.3807354116706634
2.3806709265175723
2.3819632881085395
2.3825358851674636
2.3831075697211155
2.3835191082802547
2.3843277645186953
2.385850556438792
2.3869737887212072
2.3873015873015873
2.387946074544012
2.388748019017433
2.388994457640538
2.3908227848101262
2.3916996047430836
2.3927330173775667
2.393212312549329
2.3943217665615144
2.3954294720252167
2.397007874015748
2.3979543666404406
2.3980345911949685
2.3987431264728984
2.398979591836735
2.3994509803921567
2.4000783699059562
2.402584181675803
2.403129890453834
2.4037529319781075
2.4044531250000003
2.4056986729117873
2.4069422776911074
2.4069368667186284
2.407165109034268
2.4074708171206223
2.408320373250389
2.408780108780109
2.4102484472049683
2.4103956555469352
2.41093023255814
2.4127033307513557
2.4127708978328175
2.4136117556071155
2.4137557959814524
2.4143629343629347
2.4159722222222224
2.4164225134926753
2.417026194144838
2.4174749807544265
2.4193076923076924
2.419600307455803
2.4211213517665127
2.421565617805065
2.422469325153375
2.422758620689655
2.4230474732006124
2.4236419280795714
2.4240825688073397
2.4248281130634073
2.425572519083969
2.4263920671243318
2.4275914634146347
2.4274181264280275
2.4275494672754947
2.427832699619772
2.428115501519757
2.428246013667426
2.4286039453717754
2.4288855193328276
2.4291666666666663
2.429371688115064
2.4296520423600603
2.429327286470144
2.4299093655589123
2.4301886792452834
2.4311463046757162
2.4305953278070835
2.4314006024096386
2.4313769751693006
2.4323308270676693
2.4325319308790387
2.4332582582582583
2.433308327081771
2.433583208395802
2.4346067415730337
2.435928143712575
2.437621540762902
2.4388639760837068
2.439955190440627
2.4411194029850742
2.4424310216256524
2.4435916542473914
2.443410275502606
2.443377976190476
2.443940520446097
2.444873699851412
2.4450631031922794
2.445178041543026
2.4462564862861376
2.44762962962963
2.4476683937823833
2.4480769230769224
2.448410938654841
2.449852289512555
2.450258302583026
2.4507374631268433
2.4521739130434783
2.452282768777614
2.452317880794702
2.4541176470588235
2.455547391623806
2.456387665198238
2.4564196625091705
2.456744868035191
2.457582417582418
2.457320644216691
2.4581565471836138
2.458698830409357
2.4595325054784514
2.461751824817518
2.462727935813275
2.4626093294460643
2.4628550619082303
2.4640465793304225
2.4643636363636365
2.464825581395349
2.465141612200436
2.466255442670537
2.467440174039159
2.467898550724638
2.4686459087617667
2.4691027496382056
2.4696312364425164
2.469364161849711
2.4711191335740077
2.4720057720057724
2.4721701514059116
2.4721181556195964
2.4721382289416844
2.4730935251798565
2.4738317757009343
2.473778735632184
2.47494615936827
2.475394548063128
2.4769892473118285
2.476790830945559
2.47680744452398
2.47761087267525
2.4793423874195857
2.479
2.4788722341184863
2.47981455064194
2.479828937990021
2.4801994301994297
2.4807117437722424
2.4818634423897583
2.4820895522388056
2.4823863636363632
2.4828956706884315
2.4836170212765962
2.4837703756201273
2.4834985835694057
2.484288747346072
2.484936350777935
2.485088339222615
2.4848870056497177
2.4858856739590687
2.488152327221439
2.488583509513742
2.4888028169014085
2.489866291344124
2.490154711673699
2.490231904427266
2.490870786516854
2.490736842105263
2.490462833099579
2.490609670637702
2.4914565826330533
2.492372288313506
2.492657342657343
2.493780573025856
2.495740223463687
2.4976273551988832
2.497489539748954
2.498188153310105
2.4987465181058495
2.5004175365344468
2.501182197496523
2.5005559416261294
2.5016666666666665
2.5029840388619014
2.504715672676837
2.5056826056826056
2.5060249307479223
2.505951557093426
2.506984785615491
2.507187284035936
2.507182320441989
2.506832298136646
2.5080000000000005
2.5085458304617503
2.5091597796143246
2.5101169993117685
2.5105914718019253
2.512027491408934
2.5133928571428568
2.5140700068634185
2.51406035665295
2.514256339958876
2.5143835616438355
2.5148528405201915
2.5170998632010946
2.517156527682843
2.5183060109289617
2.519249146757679
2.5197817189631646
2.5198364008179954
2.5194141689373297
2.5196051735874745
2.5204761904761903
2.5222977566281437
2.5235733695652174
2.524236252545825
2.5260515603799187
2.52664406779661
2.5275745257452575
2.5280974949221395
2.5282138024357246
2.5294117647058822
2.5297972972972973
2.5303173531397705
2.530566801619433
2.5313553607552257
2.5319407008086254
2.533063973063973
2.5339838492597577
2.5342299932750505
2.534005376344086
2.5348556077904636
2.535973154362416
2.5362173038229376
2.535790884718499
2.5358338914936365
2.536144578313253
2.537056856187291
2.538368983957219
2.5400801603206413
2.540654205607477
2.541427618412275
2.5417999999999994
2.5439706862091938
2.5449400798934754
2.5453093812375247
2.5462101063829787
2.54578073089701
2.545551128818061
2.545786330457863
2.5462201591511944
2.5477799867461894
2.548145695364238
2.547782925215089
2.547751322751323
2.5481824190350304
2.5486789960369878
2.549174917491749
2.548878627968338
2.54950560316414
2.549802371541502
2.5504937458854506
2.5505263157894738
2.551413543721236
2.5510512483574246
2.552330925804334
2.5524934383202096
2.5527868852459017
2.5529488859764085
2.5537000654878854
2.553926701570681
2.5550686723348592
2.5552941176470587
2.556760287393861
2.5571148825065273
2.5572080887149378
2.5571056062581485
2.5566775244299675
2.556770833333333
2.5578399479505527
2.5580624187256182
2.5601039636127356
2.560909090909091
2.561778066190785
2.56284046692607
2.5632534024627347
2.563730569948186
2.564077669902913
2.5653945666235445
2.565804783451842
2.5663436692506463
2.567204648160104
2.56858064516129
2.568536428110896
2.5688788659793813
2.5691564713457824
2.5693693693693693
2.5707395498392285
2.5715938303341903
2.5721901091843287
2.5730423620025675
2.57517639512508
2.576282051282051
2.577642536835362
2.578104993597951
2.5790786948176585
2.579667519181586
2.580511182108626
2.5806513409961687
2.58174856413529
2.583163265306123
2.5837476099426384
2.585605095541401
2.5875875238701465
2.588740458015267
2.5895740623013355
2.59002541296061
2.591047619047619
2.5920050761421316
2.592517438173747
2.5935994930291506
2.5951868271057634
2.5965822784810126
2.597596457938014
2.5984197218710494
2.5998104864181935
2.6008838383838384
2.6011356466876974
2.6026481715006304
2.6036546943919348
2.6035264483627203
2.6043423536815604
2.6048427672955974
2.605279698302954
2.6061557788944723
2.60646578782172
2.607340025094103
2.6078369905956107
2.6086466165413538
2.6099561678146523
2.6101376720901124
2.6111944965603504
2.6119375
2.6118051217988763
2.612609238451935
2.612538989394885
2.6124064837905236
2.6130218068535824
2.6136363636363633
2.6144368388301182
2.6152985074626867
2.6168427594779367
2.617142857142857
2.617256362507759
2.6187344913151365
2.619900805951643
2.6214993804213136
2.6226006191950466
2.624009900990099
2.6252937538651824
2.6257725587144627
2.626127239036442
2.626543209876543
2.627452190006169
2.628236744759556
2.6281577325939613
2.62814039408867
2.6278153846153844
2.6271832718327186
2.6271665642286415
2.628685503685504
2.628360957642726
2.628895705521473
2.6284488044144694
2.6285539215686278
2.630189834660135
2.6304161566707465
2.630886850152905
2.6305623471882638
2.631643249847282
2.6330280830280826
2.6337400854179376
2.634207317073171
2.636380255941499
2.636784409257004
2.636883749239197
2.637347931873479
2.6382370820668686
2.638578371810449
2.639404978749241
2.6398058252427186
2.640448756822317
2.6410303030303033
2.6415505754088437
2.641464891041162
2.6428917120387174
2.6428053204353086
2.6433232628398793
2.6437198067632854
2.6443572721786364
2.6443305186972257
2.643881856540084
2.6443975903614456
2.644431065623119
2.6450661853188935
2.6458208057727
2.6463942307692307
2.648228228228228
2.6486794717887157
2.649130173965207
2.6498201438848916
2.650209706411025
2.650239520958084
2.6504488330341114
2.651614832535885
2.6512851165570828
2.6513142174432494
2.651164179104478
2.651789976133651
2.652057245080501
2.6516090584028604
2.6512805241215007
2.652142857142857
2.6519928613920287
2.652913198573127
2.652584670231729
2.652434679334917
2.6525222551928787
2.6540332147093713
2.654060462359218
2.654917061611374
2.655535820011841
2.656508875739645
2.6561206386753398
2.6560283687943262
2.6562315416420557
2.6570247933884295
2.65716814159292
2.657959905660377
2.658927519151444
2.6586572438162546
2.6585638610947617
2.6587058823529413
2.659141681363904
2.6603995299647476
2.660540223135643
2.661384976525822
2.6619941348973604
2.6620750293083235
2.662097246631517
2.662470725995316
2.6641895845523695
2.6638011695906436
2.6644067796610167
2.664778037383178
2.6666082895504966
2.667502917152859
2.669387755102041
2.6698135198135198
2.6709959231217235
2.670663562281723
2.6700407213496216
2.669593023255814
2.6699593259732715
2.6706736353077813
2.6702843876958795
2.6700696055684454
2.66968115942029
2.6700463499420626
2.6705848291835546
2.6715856481481484
2.6726431463273568
2.67271676300578
2.6722703639514727
2.6731524249422636
2.6733410271205997
2.6739907727797
2.6744668587896254
2.6754608294930877
2.6759355210132414
2.676121979286536
2.677170787809086
2.6780459770114944
2.678288340034463
2.6795637198622275
2.6814687320711417
2.682339449541284
2.6823495702005733
2.684707903780068
2.6844304522037783
2.6840389016018302
2.6843339050886224
2.6852
2.685722444317533
2.6856164383561643
2.6853394181403303
2.68563283922463
2.685868945868946
2.6862186788154903
2.68605577689243
2.6853811149032993
2.6856168277430355
2.685227272727273
2.686144236229415
2.686265607264472
2.686613726602382
2.687074829931973
2.688385269121813
2.6877689694224234
2.688624787775891
2.689309954751131
2.689542114188807
2.690169491525424
2.689497459062676
2.6895033860045148
2.689452904681331
2.6901352874859077
2.689633802816901
2.69070945945946
2.6909960607765897
2.690607424071991
2.690725126475548
2.6911235955056183
2.6910162829870856
2.691358024691358
2.691755468311834
2.691816143497758
2.692885154061625
2.692945128779395
2.6929490766648017
2.693176733780761
2.6932364449413084
2.6941340782122905
2.6940815187046345
2.6948660714285713
2.696597880646961
2.696376811594203
2.6966573816155988
2.697048997772828
2.697384529771842
2.6980533926585095
2.698276820455809
2.6980555555555554
2.699389228206552
2.6997225305216426
2.7
2.7007760532150775
2.700720221606648
2.701661129568106
2.702047592695075
2.703152654867257
2.704090657822001
2.705524861878453
2.7065709552733295
2.7071743929359826
2.708163265306122
2.7091510474090406
2.7095316804407714
2.7095264317180616
2.7104567969179962
2.7127612761276128
2.7128092358438702
2.7131318681318675
2.7134541460735857
2.713446761800219
2.7140427866154693
2.714089912280702
2.7144109589041094
2.7142387732749174
2.714778325123153
2.7153172866520787
2.7160196828868237
2.716284153005464
2.7175314036045877
2.7184497816593884
2.7194217130387344
2.720229007633588
2.7213079019073567
2.721459694989107
2.7230266739248776
2.7235038084874863
2.7236541598694943
2.724130434782609
2.7248234655078765
2.724701411509229
2.7247965274009767
2.725108459869848
2.7253116531165316
2.7249187432286024
2.724959393611261
2.7254870129870126
2.7254732287723087
2.726810810810811
2.727174500270124
2.7278617710583153
2.7277388019427957
2.729611650485437
2.729541778975741
2.7297413793103447
2.7300484652665586
2.729924650161464
2.730500268961807
2.731505376344086
2.7318108543793658
2.731686358754028
2.732313472893183
2.7329399141630897
2.734209115281501
2.734619506966774
2.735190144617033
2.7359743040685225
2.737346174424826
2.7380213903743313
2.7380545163014434
2.7392094017094015
2.7407901761879336
2.7406616862326576
2.7413333333333334
2.7416311300639653
2.741768779968034
2.7417465388711393
2.742682277807344
2.743670212765957
2.743434343434344
2.7437300743889477
2.7440254912373865
2.7439490445859875
2.744456233421751
2.7446977730646873
2.744780074191839
2.7458156779661014
2.746267866596083
2.747777777777778
2.747805393971444
2.7479915433403805
2.7487057580559955
2.7483632523759236
2.7485488126649082
2.7491033755274263
2.7507116499736424
2.751106427818757
2.7515007898894153
2.751526315789474
2.7523408732246186
2.7526288117770763
2.7542301629006833
2.754569327731092
2.7561154855643046
2.7571353620146906
2.7575773466177242
2.7584381551362687
2.7593504452592983
2.761047120418848
2.761643118785976
2.7622384937238493
2.7637741766858337
2.7644200626959248
2.765013054830287
2.7654488517745306
2.766510172143975
2.7663712200208552
2.7669619593538304
2.7673437499999998
2.767464862051015
2.7684703433923
2.768746749869995
2.769282744282744
2.7698181818181817
2.7703011422637593
2.771146860404774
2.7721473029045645
2.7734059097978223
2.773316062176165
2.774003107198343
2.7743271221532093
2.776202793585101
2.7762668045501546
2.7763307493540053
2.776497933884297
2.7761486835312335
2.7775025799793602
2.777875193398659
2.7786082474226808
2.778258629572385
2.779866117404737
2.7796191456510546
2.779732510288066
2.780874035989717
2.7810894141829396
2.7812532100667697
2.781262833675565
2.7818881477680866
2.78251282051282
2.7829830855971296
2.7840163934426227
2.7857142857142856
2.786028659160696
2.7855242966751925
2.786349693251533
2.7871231476750125
2.7874361593462718
2.7868810617662074
2.786326530612245
2.7867414584395713
2.786391437308868
2.7866530820173208
2.7868635437881872
2.787277353689568
2.7870295015259408
2.7868327402135233
2.7868394308943087
2.786896901980701
2.786700507614213
2.78650431253171
2.7862068965517235
2.7863152559553983
2.7869300911854102
2.78779746835443
2.788157894736842
2.788517956499747
2.7891304347826087
2.7895907023749364
2.7908585858585857
2.7917718324078753
2.79263370332997
2.793595562279374
2.794002016129032
2.7956675062972294
2.796928499496475
2.797483643683946
2.797987927565392
2.798843640020111
2.799246231155779
2.7992968357609245
2.8001004016064255
2.800652282990466
2.8009528585757275
2.8012030075187972
2.8009018036072146
2.801652478718077
2.801951951951952
2.8012006003001506
2.8016499999999995
