1.1
1.05
1.0333333333333332
1.025
1.0
0.95
0.9428571428571428
0.9375
0.9333333333333333
0.93
0.9636363636363635
0.9583333333333333
0.9769230769230768
1.0
1.02
1.03125
1.035294117647059
1.0277777777777777
1.0526315789473686
1.0749999999999997
1.0666666666666667
1.0727272727272728
1.0695652173913044
1.0875
1.0919999999999999
1.0999999999999999
1.1111111111111112
1.1214285714285714
1.1275862068965516
1.12
1.1258064516129032
1.15
1.1515151515151516
1.15
1.165714285714286
1.1888888888888889
1.1972972972972973
1.1921052631578948
1.2025641025641025
1.2175
1.2146341463414634
1.207142857142857
1.2093023255813953
1.2022727272727274
1.2022222222222223
1.1978260869565216
1.195744680851064
1.1979166666666665
1.2020408163265304
1.196
1.2019607843137254
1.226923076923077
1.2283018867924527
1.222222222222222
1.2236363636363634
1.2214285714285715
1.219298245614035
1.2120689655172412
1.206779661016949
1.205
1.2114754098360654
1.2129032258064516
1.2063492063492063
1.209375
1.2076923076923074
1.2166666666666666
1.2164179104477613
1.2161764705882352
1.2246376811594204
1.2285714285714282
1.2338028169014086
1.2486111111111113
1.2438356164383562
1.2445945945945946
1.2373333333333334
1.2381578947368421
1.251948051948052
1.2576923076923074
1.251898734177215
1.2549999999999997
1.249382716049383
1.2463414634146341
1.2433734939759036
1.239285714285714
1.2470588235294116
1.2581395348837208
1.2597701149425287
1.2579545454545458
1.2674157303370783
1.2666666666666664
1.2670329670329668
1.2717391304347827
1.275268817204301
1.270212765957447
1.2705263157894735
1.2739583333333333
1.2731958762886597
1.2704081632653061
1.2676767676767677
1.263
1.2653465346534654
1.2607843137254902
1.263106796116505
1.2615384615384617
1.259047619047619
1.259433962264151
1.2616822429906542
1.2648148148148148
1.2623853211009173
1.2636363636363634
1.264864864864865
1.26875
1.2734513274336285
1.2780701754385966
1.2869565217391306
1.2931034482758619
1.2965811965811969
1.297457627118644
1.3033613445378154
1.3091666666666666
1.3099173553719008
1.312295081967213
1.313821138211382
1.3185483870967742
1.3192000000000002
1.3285714285714287
1.3299212598425194
1.33671875
1.337984496124031
1.3423076923076924
1.3488549618320609
1.3575757575757577
1.3563909774436087
1.358955223880597
1.357037037037037
1.3639705882352942
1.3722627737226278
1.3804347826086958
1.3805755395683454
1.3871428571428572
1.3929078014184397
1.3950704225352113
1.3944055944055944
1.3923611111111112
1.3924137931034484
1.3897260273972603
1.3877551020408163
1.391216216216216
1.3912751677852349
1.3946666666666665
1.3920529801324504
1.393421052631579
1.3908496732026143
1.3928571428571428
1.3929032258064518
1.3929487179487179
1.3929936305732482
1.3949367088607594
1.40062893081761
1.415625
1.417391304347826
1.415432098765432
1.4141104294478528
1.4146341463414633
1.416969696969697
1.417469879518072
1.420359281437126
1.419047619047619
1.4236686390532542
1.421764705882353
1.4187134502923977
1.416279069767442
1.4121387283236995
1.421264367816092
1.4222857142857142
1.427840909090909
1.4299435028248588
1.4292134831460674
1.4296089385474862
1.4338888888888888
1.4364640883977902
1.4357142857142857
1.4338797814207649
1.4358695652173912
1.4405405405405405
1.438709677419355
1.4390374331550801
1.4409574468085107
1.444973544973545
1.45
1.4544502617801047
1.4572916666666667
1.4564766839378238
1.4597938144329896
1.4666666666666666
1.4683673469387757
1.4725888324873098
1.4767676767676767
1.4758793969849249
1.4789999999999999
1.483582089552239
1.4896039603960396
1.4950738916256157
1.495098039215686
1.497560975609756
1.4999999999999998
1.499033816425121
1.499519230769231
1.4985645933014353
1.4999999999999998
1.5075829383886254
1.5066037735849056
1.5098591549295777
1.5126168224299068
1.514418604651163
1.5162037037037037
1.5211981566820276
1.5233944954128442
1.5242009132420091
1.533181818181818
1.533031674208145
1.5337837837837838
1.5394618834080718
1.5383928571428571
1.5395555555555556
1.538495575221239
1.53920704845815
1.5390350877192984
1.540174672489083
1.5400000000000003
1.5437229437229436
1.5495689655172413
1.5532188841201717
1.554700854700855
1.5540425531914892
1.5533898305084748
1.5556962025316454
1.5600840336134456
1.5635983263598323
1.5645833333333332
1.5655601659751037
1.5665289256198345
1.5670781893004113
1.5684426229508195
1.5718367346938775
1.5772357723577237
1.5761133603238864
1.578225806451613
1.585140562248996
1.5852
1.588446215139442
1.5904761904761906
1.5928853754940713
1.5948818897637795
1.5956862745098042
1.595703125
1.592217898832685
1.594186046511628
1.5938223938223939
1.5923076923076922
1.5934865900383142
1.5965648854961834
1.5977186311787073
1.5981060606060606
1.6033962264150943
1.6056390977443606
1.604119850187266
1.6078358208955226
1.6081784386617102
1.6096296296296295
1.6132841328413285
1.6147058823529412
1.6234432234432237
1.6321167883211678
1.6309090909090909
1.6333333333333335
1.6321299638989166
1.63273381294964
1.6326164874551972
1.6414285714285715
1.6451957295373667
1.651063829787234
1.6540636042402828
1.6528169014084508
1.6550877192982454
1.6534965034965032
1.6540069686411152
1.6565972222222225
1.6553633217993078
1.6579310344827587
1.659106529209622
1.6599315068493148
1.660750853242321
1.6591836734693879
1.6620338983050846
1.6611486486486489
1.6632996632996633
1.664765100671141
1.6658862876254183
1.6696666666666666
1.672093023255814
1.6745033112582781
1.6805280528052804
1.6805921052631578
1.679344262295082
1.681045751633987
1.6856677524429966
1.688961038961039
1.6919093851132687
1.69258064516129
1.6945337620578775
1.6971153846153844
1.7031948881789138
1.7012738853503186
1.7025396825396826
1.7053797468354432
1.7078864353312304
1.709748427672956
1.7131661442006272
1.7131250000000002
1.7127725856697817
1.7158385093167703
1.7207430340557273
1.7209876543209877
1.7233846153846155
1.7226993865030675
1.722935779816514
1.7240853658536586
1.7273556231003042
1.7293939393939393
1.7317220543806648
1.733132530120482
1.7363363363363362
1.7464071856287426
1.7501492537313432
1.7520833333333337
1.752522255192878
1.7538461538461536
1.7530973451327434
1.7555882352941174
1.762756598240469
1.7625730994152047
1.763556851311953
1.7645348837209305
1.7640579710144926
1.7621387283236996
1.7625360230547549
1.7614942528735633
1.7630372492836675
1.7640000000000005
1.7663817663817665
1.7698863636363638
1.7770538243626064
1.777683615819209
1.779718309859155
1.781460674157303
1.7859943977591033
1.7868715083798883
1.7894150417827297
1.793611111111111
1.7972299168975066
1.798342541436464
1.7980716253443525
1.799175824175824
1.8005479452054796
1.8024590163934426
1.8035422343324252
1.8059782608695651
1.808130081300813
1.8078378378378381
1.811590296495957
1.8123655913978491
1.8144772117962464
1.8157754010695186
1.8186666666666664
1.8186170212765955
1.819893899204244
1.8224867724867724
1.8237467018469657
1.8234210526315788
1.8230971128608924
1.8240837696335077
1.8253263707571805
1.8276041666666665
1.8319480519480518
1.8313471502590677
1.8330749354005167
1.835824742268041
1.8372750642673519
1.8387179487179488
1.839130434782609
1.845918367346939
1.8486005089058524
1.8502538071065988
1.8506329113924047
1.85
1.8516372795969773
1.8547738693467337
1.854135338345865
1.8552499999999998
1.8576059850374065
1.8587064676616916
1.8580645161290321
1.8601485148514851
1.8634567901234569
1.8679802955665026
1.8707616707616708
1.8723039215686275
1.8750611246943762
1.8758536585365853
1.8776155717761558
1.8779126213592234
1.8782082324455203
1.8794685990338167
1.8807228915662648
1.884375
1.886810551558753
1.8880382775119617
1.890453460620525
1.8930952380952384
1.8933491686460808
1.8924170616113745
1.893853427895981
1.8952830188679246
1.9
1.9032863849765256
1.905854800936768
1.911214953271028
1.9151515151515148
1.9148837209302325
1.9169373549883992
1.9164351851851855
1.9182448036951498
1.9170506912442398
1.915632183908046
1.9155963302752295
1.9169336384439357
1.9189497716894977
1.9216400911161735
1.923181818181818
1.926530612244898
1.9316742081447962
1.9331828442437924
1.9331081081081085
1.935280898876405
1.9399103139013456
1.9429530201342282
1.9424107142857143
1.9452115812917594
1.944888888888889
1.9458980044345897
1.9471238938053097
1.952980132450331
1.9568281938325989
1.9571428571428573
1.957236842105263
1.9562363238512035
1.956986899563319
1.9581699346405226
1.9593478260869568
1.9637744034707154
1.9673160173160178
1.9710583153347734
1.9743534482758622
1.9778494623655916
1.9802575107296139
1.9809421841541752
1.9824786324786323
1.9859275053304906
1.9874468085106387
1.991295116772824
1.9925847457627117
1.995137420718816
1.9953586497890297
1.9957894736842108
2.001050420168067
2.0006289308176104
2.003347280334728
2.008350730688935
2.0104166666666665
2.0103950103950106
2.0105809128630705
2.0101449275362318
2.0107438016528922
2.0109278350515463
2.010905349794239
2.0141683778234087
2.0133196721311477
2.0137014314928425
2.013673469387755
2.015682281059063
2.0166666666666666
2.01947261663286
2.0208502024291493
2.0230303030303025
2.0237903225806457
2.024547283702213
2.0263052208835335
2.02625250501002
2.032
2.0315369261477043
2.033466135458167
2.035785288270378
2.0380952380952384
2.03980198019802
2.0413043478260873
2.0416173570019724
2.040551181102362
2.0396856581532417
2.0409803921568628
2.0426614481409002
2.0443359375
2.046783625730994
2.0498054474708174
2.0522330097087376
2.0529069767441865
2.0566731141199224
2.0577220077220075
2.061849710982659
2.0625
2.0658349328214975
2.0660919540229883
2.0673040152963673
2.06793893129771
2.067809523809524
2.066349809885932
2.0703984819734345
2.06969696969697
2.0708884688090734
2.075471698113208
2.0753295668549905
2.07593984962406
2.0757973733583492
2.0790262172284644
2.082803738317757
2.0832089552238804
2.0849162011173186
2.0871747211895912
2.087569573283859
2.0875925925925927
2.0870609981515713
2.087453874538746
2.0880294659300183
2.0909926470588234
2.091009174311927
2.0923076923076924
2.0921389396709325
2.0945255474452553
2.096174863387978
2.095272727272727
2.0961887477313974
2.0974637681159423
2.1021699819168176
2.1028880866425994
2.103603603603603
2.103597122302158
2.1041292639138245
2.1060931899641577
2.10608228980322
2.107857142857143
2.107843137254902
2.1083629893238434
2.1081705150976906
2.1083333333333334
2.110973451327433
2.1111307420494696
2.1130511463844797
2.113204225352113
2.1130052724077326
2.1136842105263156
2.115586690017513
2.118181818181818
2.119720767888307
2.1209059233449477
2.1255652173913044
2.1282986111111106
2.130155979202773
2.1302768166089963
2.1307426597582038
2.1322413793103445
2.1342512908777964
2.1362542955326465
2.140480274442538
2.142123287671233
2.144444444444445
2.1467576791808876
2.1494037478705286
2.151530612244898
2.151103565365026
2.1518644067796613
2.1519458544839254
2.152027027027027
2.15177065767285
2.152861952861953
2.155126050420168
2.155369127516779
2.155611390284757
2.15685618729097
2.1562604340567613
2.1551666666666667
2.1550748752079865
2.155813953488372
2.1565505804311775
2.156788079470199
2.1598347107438016
2.1612211221122117
2.1619439868204284
2.1620065789473686
2.1635467980295564
2.164426229508197
2.1659574468085108
2.165522875816993
2.1665579119086464
2.1692182410423455
2.168780487804878
2.1685064935064937
2.168233387358185
2.1684466019417474
2.1683360258481423
2.1677419354838707
2.169404186795491
2.169292604501608
2.169181380417336
2.1701923076923078
2.1691199999999995
2.169648562300319
2.1688995215311
2.1695859872611463
2.1689984101748805
2.168730158730159
2.168145800316957
2.1675632911392406
2.1703001579778833
2.173817034700315
2.1765354330708666
2.179874213836478
2.180376766091052
2.181504702194357
2.182472613458529
2.1829687499999997
2.183619344773791
2.182398753894081
2.1819595645412138
2.1833850931677015
2.1849612403100775
2.1874613003095975
2.18902627511592
2.1887345679012347
2.187981510015408
2.187692307692308
2.189400921658986
2.190490797546013
2.1908116385911183
2.191284403669725
2.19206106870229
2.192682926829268
2.1923896499238964
2.1916413373860184
2.193019726858877
2.1921212121212124
2.1924357034795765
2.191540785498489
2.190346907993967
2.191265060240964
2.1926315789473683
2.1935435435435435
2.194002998500749
2.19311377245509
2.1938714499252616
2.194179104477612
2.194038748137109
2.1937500000000005
2.1942050520059437
2.1951038575667656
2.1964444444444444
2.1968934911242606
2.198375184638109
2.2013274336283186
2.2025036818851254
2.2033823529411762
2.2033773861967694
2.203372434017595
2.202635431918009
2.2035087719298247
2.204379562043796
2.2036443148688045
2.2045123726346434
2.2061046511627906
2.2056603773584906
2.206231884057971
2.205933429811867
2.2065028901734105
2.2072150072150074
2.20806916426513
2.20863309352518
2.2079022988505748
2.2093256814921087
2.2106017191977076
2.212875536480687
2.2137142857142855
2.2144079885877317
2.2146723646723645
2.2155049786628735
2.2169034090909094
2.217588652482269
2.218413597733711
2.2188118811881186
2.220056497175141
2.2208744710860366
2.22056338028169
2.221518987341772
2.22247191011236
2.224123422159888
2.2246498599439777
2.224055944055944
2.225558659217877
2.226220362622036
2.2263231197771587
2.227538247566064
2.2279166666666663
2.229126213592233
2.2282548476454296
2.2278008298755188
2.2281767955801106
2.2297931034482756
2.229338842975207
2.229573590096286
2.229807692307692
2.230178326474623
2.2302739726027396
2.23077975376197
2.2314207650273223
2.231787175989086
2.232697547683924
2.234557823129252
2.2353260869565217
2.2356852103120763
2.2365853658536587
2.2381596752368065
2.23945945945946
2.239676113360324
2.240566037735849
2.2402422611036337
2.2397849462365587
2.2397315436241607
2.2396782841823057
2.2428380187416335
2.2434491978609623
2.2429906542056077
2.243866666666667
2.2430093209054593
2.242420212765957
2.2444887118193892
2.2450928381962867
2.245960264900662
2.2469576719576723
2.24887714663144
2.25
2.2529644268774702
2.253815789473684
2.2562417871222076
2.256167979002625
2.2579292267365663
2.2595549738219893
2.2590849673202618
2.259138381201044
2.261016949152542
2.2626302083333334
2.2626788036410925
2.263896103896104
2.2648508430609597
2.2652849740932646
2.2653298835705047
2.2645994832041345
2.265806451612904
2.2658505154639177
2.2665379665379666
2.2679948586118255
2.2673940949935814
2.26974358974359
2.2697823303457105
2.270332480818414
2.2707535121328224
2.2716836734693877
2.271592356687898
2.272519083969466
2.2712833545108007
2.2734771573604062
2.2740177439797216
2.274683544303797
2.2745891276864727
2.276010101010101
2.276292559899117
2.2760705289672543
2.2764779874213836
2.2768844221105526
2.2784190715181936
2.279448621553885
2.2809762202753445
2.28125
2.2826466916354557
2.282793017456359
2.2823163138231632
2.282835820895522
2.2840993788819874
2.2852357320099257
2.2845105328376705
2.2850247524752474
2.2857849196538935
2.285432098765432
2.2853267570900124
2.2853448275862065
2.285485854858549
2.285380835380835
2.285644171779141
2.2870098039215687
2.2880048959608326
2.289119804400978
2.2910866910866914
2.2929268292682927
2.2942752740560293
2.29330900243309
2.293681652490887
2.293567961165049
2.2936969696969696
2.2933414043583538
2.2943168077388147
2.294806763285024
2.294933655006031
2.2966265060240962
2.2965102286401926
2.2961538461538464
2.2974789915966385
2.2971223021582734
2.2977245508982036
2.2972488038277517
2.2983273596176828
2.298090692124105
2.298927294398093
2.299166666666667
2.2998810939357908
2.2994061757719715
2.2996441281138793
2.299644549763033
2.3007100591715974
2.300354609929078
2.3010625737898467
2.302004716981132
2.3014134275618376
2.3012941176470587
2.3018801410105763
2.301173708920188
2.3012895662368114
2.302107728337236
2.3030409356725143
2.3033878504672898
2.3033838973162193
2.3032634032634034
2.3032596041909197
2.3026744186046515
2.30534262485482
2.305800464037123
2.30648899188876
2.307523148148148
2.30878612716763
2.3094688221709005
2.3094579008073817
2.3093317972350227
2.3089758342922897
2.3086206896551724
2.308036739380023
2.3087155963302752
2.3080183276059563
2.307894736842105
2.307542857142857
2.306963470319635
2.307297605473204
2.307403189066059
2.3083048919226394
2.309659090909091
2.3091940976163454
2.309183673469388
2.3090600226500566
2.309049773755656
2.3097175141242934
2.3100451467268623
2.3095828635851183
2.311486486486486
2.313048368953881
2.313258426966292
2.3127946127946126
2.312443946188341
2.3134378499440094
2.3140939597315433
2.313854748603352
2.3150669642857142
2.316164994425864
2.3163697104677063
2.317241379310345
2.318
2.3175360710321864
2.317960088691796
2.317829457364341
2.3192477876106192
2.31889502762431
2.3189845474613686
2.3201764057331866
2.3211453744493395
2.3214521452145216
2.321868131868132
2.322941822173436
2.324342105263158
2.325301204819277
2.325492341356674
2.3261202185792347
2.327838427947598
2.329661941112323
2.329302832244008
2.331556039173014
2.3318478260869564
2.332681867535288
2.3336225596529285
2.3345612134344527
2.3352813852813847
2.336
2.337041036717063
2.337108953613808
2.3375
2.3387513455328306
2.3388172043010753
2.340923737916219
2.341952789699571
2.342765273311897
2.3448608137044973
2.346096256684492
2.3462606837606836
2.3474919957310565
2.3479744136460554
2.348562300319489
2.3502127659574468
2.3505844845908603
2.3506369426751594
2.3504772004241783
2.35010593220339
2.3511111111111114
2.352008456659619
2.352375923970433
2.3518987341772144
2.352054794520548
2.3513684210526313
2.351840168243954
2.352205882352941
2.352256033578174
2.3522012578616356
2.3522513089005237
2.3519874476987446
2.355485893416928
2.3555323590814194
2.3573514077163713
2.3577083333333335
2.3569198751300733
2.356964656964657
2.357320872274143
2.357365145228216
2.360621761658031
2.360869565217391
2.3622543950361945
2.3624999999999994
2.3629514963880287
2.3630927835051545
2.3629248197734296
2.363991769547325
2.3645426515930117
2.3656057494866527
2.365846153846154
2.3681352459016396
2.3690890481064484
2.3689161554192224
2.369867211440245
2.3706122448979587
2.371151885830785
2.370672097759674
2.3721261444557475
2.3728658536585368
2.3736040609137055
2.374340770791075
2.3756838905775073
2.37753036437247
2.377249747219414
2.377575757575758
2.378102926337033
2.3798387096774194
2.3794561933534744
2.379376257545272
2.378793969849246
2.3797188755020082
2.3801404212637918
2.381362725450902
2.381981981981982
2.3827
2.3836163836163835
2.386027944111776
2.3873379860418744
2.3883466135458167
2.389054726368159
2.3894632206759443
2.3898709036742805
2.391468253968254
2.391080277502478
2.392970297029703
2.394658753709199
2.3953557312252967
2.395162882527147
2.395266272189349
2.395369458128079
2.3961614173228343
2.397935103244838
2.39901768172888
2.3985279685966634
2.397745098039216
2.398041136141038
2.3995107632093933
2.3997067448680354
2.4
2.400682926829268
2.401559454191033
2.4025316455696197
2.405252918287938
2.406025267249757
2.4060194174757283
2.406498545101843
2.406492248062015
2.406389157792836
2.406866537717602
2.407246376811594
2.4085907335907337
2.4083895853423334
2.4089595375722546
2.409528392685274
2.4092307692307693
2.410662824207493
2.410556621880998
2.411313518696069
2.4113026819923373
2.411961722488038
2.413575525812619
2.4142311365807068
2.4145992366412217
2.41534795042898
2.4166666666666665
2.417316841103711
2.4166349809885928
2.417188983855651
2.417931688804554
2.420189573459715
2.421496212121212
2.421948912015137
2.422211720226843
2.4227573182247406
2.4245283018867925
2.42497643732328
2.4263653483992464
2.4271872060206965
2.4269736842105267
2.427605633802817
2.4272045028142593
2.427835051546391
2.42752808988764
2.4289990645463044
2.4295327102803737
2.4309056956115773
2.431716417910448
2.4335507921714816
2.43342644320298
2.433953488372093
2.4354089219330852
2.436768802228412
2.4376623376623376
2.4389249304911957
2.4390740740740737
2.438945420906568
2.439001848428836
2.4390581717451525
2.4394833948339487
2.44
2.4396869244935546
2.439558417663293
2.439430147058823
2.4404040404040406
2.4403669724770642
2.4409715857011918
2.440018315018315
2.439981701738335
2.4415904936014625
2.44310502283105
2.4442518248175182
2.4446672743846856
2.4458105646630237
2.447770700636943
2.4484545454545454
2.4481380563124433
2.4489110707803996
2.44959202175884
2.449184782608696
2.4489592760180994
2.4498191681735983
2.4517615176151764
2.451895306859206
2.452660054102795
2.452882882882883
2.4545454545454546
2.455305755395684
2.45759209344115
2.4578096947935366
2.458744394618834
2.459050179211469
2.4602506714413606
2.4605545617173528
2.460232350312779
2.460446428571429
2.4605709188224796
2.4616755793226384
2.4626892252894033
2.462900355871886
2.4629333333333334
2.463143872113677
2.4634427684117126
2.4639184397163123
2.464836138175376
2.465575221238938
2.466755083996463
2.467667844522968
2.4671668137687552
2.4679894179894184
2.4685462555066082
2.4675176056338026
2.4669305189094106
2.467398945518453
2.467427568042142
2.4675438596491226
2.46783523225241
2.4688266199649735
2.468941382327209
2.46958041958042
2.469344978165939
2.469895287958115
2.470357454228423
2.4711672473867594
2.4731070496083554
2.4733913043478255
2.4748045178105995
2.4749131944444445
2.474414570685169
2.4753032928942806
2.4768831168831165
2.4780276816608997
2.4791702679343133
2.4804835924006907
2.480241587575496
2.4807758620689655
2.4821705426356586
2.483993115318417
2.484006878761823
2.484020618556701
2.485064377682403
2.485334476843911
2.486032562125107
2.487414383561644
2.487425149700599
2.4872649572649577
2.4885567890691713
2.4884812286689417
2.489087809036658
2.4887563884156734
2.488936170212766
2.4897959183673466
2.4898045879354287
2.4902376910016977
2.4899067005937234
2.490508474576271
2.4922099915325995
2.493147208121827
2.4949281487743025
2.494510135135135
2.4957805907173
2.496037099494098
2.4970513900589717
2.497811447811448
2.4990748528174938
2.4991596638655467
2.4989924433249366
2.4993288590604026
2.498910310142498
2.499078726968174
2.498912133891214
2.4987458193979935
2.4983291562238934
2.4986644407345575
2.4986655546288574
2.4987500000000002
2.499084096586178
2.4986688851913477
2.49833748960931
2.500083056478405
2.502157676348548
2.501990049751244
2.5032311516155756
2.5038079470198675
2.503970223325062
2.5041322314049586
2.5056977704376546
2.505693069306931
2.506100577081616
2.505848434925865
2.506337448559671
2.50625
2.5062448644207067
2.507224958949097
2.507301066447908
2.507377049180328
2.508190008190008
2.5088379705400983
2.5094031071136547
2.5098039215686274
2.510204081632653
2.510277324632953
2.5106764466177665
2.51042345276873
2.5110659072416595
2.51130081300813
2.5112103980503653
2.5119318181818184
2.511922141119221
2.5109400324149105
2.5109311740890687
2.511488673139158
2.512287793047696
2.512924071082391
2.5126715092816787
2.5118548387096773
2.510958904109589
2.510386473429952
2.5098954143201935
2.509646302250804
2.5101204819277108
2.5093097913322633
2.5089013632718524
2.5084935897435896
2.5082465972778225
2.5079200000000004
2.5083133493205434
2.5080670926517574
2.5085395051875494
2.510207336523126
2.5102788844621515
2.509872611464968
2.5103420843277644
2.5100953895071543
2.509849086576648
2.50984126984127
2.5103885804916732
2.5103011093502374
2.5098178939034046
2.5090981012658227
2.5099604743083
2.509873617693523
2.51026045777427
2.5102523659305995
2.510953506698187
2.510393700787402
2.5099134539732497
2.510377358490566
2.5113904163393554
2.5110675039246466
2.5112156862745096
2.5106583072100315
2.5113547376664056
2.512128325508607
2.512587959343237
2.51421875
2.5152224824355973
2.5152886115444617
2.515276695245519
2.515342679127726
2.515953307392996
2.5166407465007774
2.5159285159285156
2.515450310559006
2.516214119472459
2.5155038759689923
2.515491866769946
2.5157120743034054
2.5171693735498843
2.517465224111283
2.518146718146718
2.5180555555555557
2.5187355435620664
2.519029275808937
2.5196304849884523
2.519461538461539
2.5192928516525748
2.5195084485407064
2.5194167306216424
2.5194018404907976
2.5194636015325673
2.518912710566616
2.5190512624330528
2.5188073394495407
2.519251336898396
2.5192366412213736
2.5202135774218157
2.520045731707317
2.5197258187357194
2.519482496194825
2.5204562737642586
2.5202127659574467
2.5203492786636295
2.5204097116843704
2.5198635329795294
2.5195454545454545
2.520439061317184
2.5198184568835096
2.5194255479969763
2.5188066465256798
2.518566037735849
2.5190045248868778
2.519593067068576
2.5189759036144577
2.5194883370955603
2.519172932330827
2.5193839218632603
2.52027027027027
2.5200300075018753
2.52143928035982
2.520674157303371
2.520733532934132
2.521465968586387
2.521225710014948
2.52083644510829
2.5207462686567164
2.521178225205071
2.521758569299553
2.5225614296351453
2.522098214285714
2.5220074349442383
2.5215453194650816
2.521603563474387
2.52106824925816
2.5208302446256488
2.521111111111111
2.521613619541081
2.522189349112426
2.521951219512195
2.522082717872969
2.522730627306273
2.5233038348082593
2.522844509948415
2.5225331369661266
2.523252391464312
2.523455882352941
2.523732549595885
2.5245961820851686
2.5247982391782835
2.524853372434017
2.524981684981685
2.5256954612005855
2.52545720555962
2.5259502923976607
2.525712198685172
2.5260583941605836
2.5260393873085336
2.526384839650146
2.5264384559359065
2.5272197962154292
2.5274181818181813
2.527906976744186
2.527741466957153
2.527793904208998
2.527773749093546
2.528188405797102
2.5286024619840695
2.5296671490593345
2.5309472161966737
2.5309248554913295
2.5309747292418776
2.5312409812409813
2.530785868781543
2.530619596541787
2.5301655867530597
2.530575539568345
2.5306254493170384
2.5301005747126437
2.5305814788226852
2.5307747489239607
2.5308243727598567
2.531446991404011
2.5321403006442376
2.5326180257510726
2.5326661901358114
2.533
2.5331905781584583
2.5333095577746074
2.5334283677833214
2.5339031339031335
2.5338078291814945
2.534139402560455
2.5350390902629707
2.5353693181818184
2.5343506032647265
2.5352482269503547
2.5354358610914245
2.5354815864022666
2.536164189667374
2.536775106082037
2.5375971731448765
2.5383474576271188
2.5390261115031763
2.5394922425952045
2.540662438336857
2.5404225352112677
2.540042223786066
2.5409985935302393
2.5410400562192548
2.5412219101123594
2.5416140350877194
2.5423562412342218
2.5426068675543094
2.543977591036415
2.543946815955213
2.5439860139860135
2.5438155136268343
2.5452513966480446
2.545917655268667
2.5455369595536963
2.5454355400696866
2.54533426183844
2.54509394572025
2.5451321279554935
2.5459346768589297
2.5459722222222223
2.546564885496184
2.5471567267683772
2.5472626472626474
2.546952908587258
2.547750865051903
2.54820193637621
2.548514167242571
2.549309392265193
2.5509316770186334
2.550689655172414
2.5512060647829085
2.5518595041322314
2.5521679284239505
2.5526134800550206
2.552439862542955
2.5535027472527476
2.5543582704186685
2.554389574759945
2.5548320767649075
2.5547945205479454
2.5548939082819984
2.5545827633378932
2.555570745044429
2.5561475409836065
2.5574061433447097
2.55675306957708
2.5564417177914107
2.5568801089918254
2.5573859768550036
2.556938775510204
2.557239972807614
2.5572690217391303
2.5577053632043447
2.5580054274084123
2.5583050847457627
2.55860433604336
2.558970886932973
2.5587280108254395
2.5599053414469237
2.5600675675675673
2.559756920999325
2.5595141700404858
2.5593391773432232
2.558827493261455
2.558653198653199
2.5584118438761774
2.558439811701412
2.5581989247311827
2.5581598388179985
2.5579865771812083
2.5583501006036213
2.558378016085791
2.5580040187541866
2.557764390896921
2.558260869565218
2.557887700534759
2.5577154308617236
2.5573431241655546
2.5568378919279526
2.5564000000000004
2.556429047301799
2.5575233022636485
2.557751164337991
2.557579787234043
2.55734219269103
2.557835325365206
2.5583278035832775
2.559018567639257
2.560238568588469
2.560132450331126
2.560953011250827
2.560780423280423
2.5605419695968274
2.562483487450462
2.562112211221122
2.5629947229551453
2.5630850362557682
2.562582345191041
2.562738643844635
2.5628947368421047
2.56344510190664
2.5634034165571613
2.5634931057124097
2.5635170603674537
2.5638032786885248
2.5638925294888595
2.5648984937786508
2.5647905759162306
2.565467625899281
2.5655555555555556
2.5659699542782493
2.5657963446475196
2.5666014350945856
2.565906127770535
2.5659934853420197
2.5660156250000004
2.5665582303188024
2.5669700910273088
2.5669265756985054
2.5670129870129874
2.566580142764439
2.5667315175097274
2.566947504860661
2.568264248704663
2.5691909385113267
2.569534282018111
2.570458952811894
2.5713824289405682
2.5717882504841834
2.571354838709677
2.571760154738878
2.573453608247423
2.5734063103670315
2.572779922779923
2.572733118971061
2.572879177377892
2.5738599871547847
2.5742618741976893
2.5742783835792173
2.5751282051282045
2.5751441383728384
2.575032010243278
2.5754318618042227
2.5759590792838867
2.5757188498402557
2.5754789272030654
2.5749840459476707
2.576530612244898
2.576927979604844
2.5772611464968156
2.577275620623806
2.5776081424936383
2.5777495232040684
2.5780813214739515
2.5779047619047617
2.578045685279188
2.577932783766645
2.5783269961977187
2.5787840405319824
2.5784177215189876
2.5787476280834913
2.5786978508217446
2.57934301958307
2.579482323232323
2.579684542586751
2.5798234552332913
2.580277252678009
2.5804156171284633
2.58156073001888
2.581823899371069
2.5826524198617222
2.5829773869346733
2.583113622096673
2.5832496863237138
2.583510971786834
2.5835213032581446
2.58334376956794
2.583103879849813
2.5835522201375865
2.584
2.584259837601499
2.585205992509363
2.5853399875233936
2.5857231920199504
2.5860436137071647
2.5857409713574095
2.5863098942128193
2.585820895522388
2.585643256681168
2.585341614906832
2.584854127870888
2.584987593052109
2.5848109113453193
2.5848203221809167
2.585077399380805
2.585024752475247
2.58404452690167
2.5846106304079113
2.5841260037059914
2.584506172839506
2.583960518198643
2.583538840937115
2.5837338262476903
2.5836206896551723
2.5832
2.5829028290282903
2.583036263060848
2.583046683046683
2.58244321669736
2.5828220858895703
2.5830165542611896
2.5833333333333335
2.5833435394978568
2.5839045287637696
2.5850152905198778
2.584596577017115
2.584300549786194
2.5846153846153843
2.584807809640024
2.584817073170732
2.5844606946983544
2.5844701583434837
2.584297017650639
2.584002433090024
2.584012158054711
2.5838396111786146
2.5845173041894354
2.5850728155339806
2.5849605821710124
2.5865454545454547
2.5871592973955178
2.586924939467312
2.586932849364792
2.587001209189842
2.587129909365559
2.5870169082125605
2.586541943270972
2.586610373944511
2.5864376130198914
2.5869277108433737
2.5875978326309452
2.587063778580024
2.5872519542994588
2.586838942307692
2.587027027027027
2.5867346938775513
2.586682663467306
2.5867505995203834
2.5865188735769924
2.586047904191617
2.586056253740275
2.5866626794258374
2.5867304243873277
2.5868578255675025
2.586805970149254
2.585918854415274
2.58670244484198
2.5873063170441
2.5878499106611077
2.5885714285714285
2.5886377156454494
2.5884661117717003
2.5883541295306003
2.5883016627078383
2.589080118694362
2.589145907473309
2.5895080023710726
2.5896919431279626
2.589757252812315
2.5898224852071006
2.59030159668835
2.5915484633569736
2.5923213230950974
2.592680047225502
2.5931563421828905
2.5932193396226415
2.593282262816735
2.5932862190812718
2.59329017068864
2.593
2.5930629041740154
2.5928907168037605
2.592953611274222
2.5933098591549295
2.593548387096774
2.5940797186400935
2.593907439953134
2.593735362997658
2.593914569923932
2.593859649122807
2.5940385739333722
2.5951518691588786
2.5956800934033857
2.5958576429404903
2.5969679300291544
2.5971445221445224
2.597320908561444
2.5979045401629803
2.5984874927283306
2.5983720930232552
2.598489250435793
2.598780487804878
2.598723157283807
2.5988979118329465
2.599304347826087
2.6002317497103133
2.59994209612044
2.599479166666667
2.599537304800463
2.5998843930635838
2.600173310225303
2.600346420323326
2.6005193306405077
2.6009803921568624
2.601095100864554
2.6016129032258064
2.6021876799078867
2.601841196777906
2.6015526164462335
2.6014367816091957
2.601952900631821
2.601722158438576
2.6014916810097537
2.601720183486239
2.602005730659026
2.601947308132875
2.6024041213508875
2.6024599542334093
2.602344196683819
2.6029714285714287
2.6027984009137635
2.602340182648402
2.6024529378208787
2.6027936145952113
2.6025641025641026
2.6029612756264235
2.6033010813887305
2.60443686006826
2.6044911881750994
2.6051704545454544
2.6046564452015897
2.604767309875142
2.6048780487804875
2.604931972789116
2.605779036827195
2.6056625141562852
2.6061120543293717
2.606108597285068
2.606274731486715
2.6068926553672314
2.6066064370412194
2.607110609480813
2.607332205301748
2.6080608793686584
2.607830985915493
2.6076013513513514
2.6079347214406305
2.607817772778403
2.607982012366498
2.6080898876404492
2.607748455923639
2.607631874298541
2.607234997195737
2.607230941704036
2.6071148459383755
2.6070548712206048
2.6073307218802464
2.607662192393737
2.608105086640581
2.6080446927374306
2.6079843662758235
2.608091517857143
2.608031232571109
2.6085284280936456
2.6089136490250695
2.60890868596882
2.608625486922649
2.6094549499443827
2.609505280711507
2.6096666666666666
2.609994447529151
2.6098224195338515
2.609983361064892
2.610310421286031
2.610415512465374
2.610243632336656
2.6106806862202547
2.610674778761062
2.6106135986733
2.6102762430939226
2.610270568746549
2.610540838852097
2.6109762824048537
2.6106945975744216
2.6105785123966943
2.6106828193832596
2.6111172261970284
2.6113311331133113
2.6112699285321606
2.6108791208791207
2.6107633168588693
2.610318331503842
2.610312671420735
2.6101973684210527
2.6104657534246574
2.6110076670317635
2.6108921729611385
2.610831509846827
2.6108802624384913
2.610983606557377
2.610759148006554
2.6109170305676854
2.6115657392253135
2.6115049073064336
2.6118256130790187
2.6112200435729847
2.611867174741426
2.6118063112078347
2.6115280043501903
2.611195652173913
2.610972297664313
2.6115092290988056
2.611937059142702
2.6120390455531455
2.612574525745257
2.61213434452871
2.611640498105035
2.6113636363636363
2.6117901568415354
2.611729729729729
2.61172339276067
2.6118250539956804
2.611818672423097
2.6120280474649404
2.6115902964959568
2.6113146551724133
2.612008616047388
2.61232508073197
2.611941904249597
2.611720430107527
2.611499193981731
2.611922663802363
2.611969940955448
2.611909871244635
2.6124932975871316
2.612272240085745
2.6121049812533474
2.612633832976445
2.6131086142322095
2.6132085561497327
2.61336183858899
2.61383547008547
2.613988254137747
2.614621131270011
2.6145066666666663
2.614818763326226
2.6146510388918487
2.6145367412140574
2.614688664183076
2.6144148936170213
2.615045188729399
2.6150903294367693
2.61465746149761
2.6143312101910827
2.6145358090185673
2.6143690349946977
2.614467408585056
2.614883474576271
2.6150344097406037
2.615026455026455
2.615388683236383
2.615591966173362
2.616059165346012
2.616525871172122
2.617203166226913
2.6171413502109706
2.617448603057459
2.6174920969441517
2.617430226434966
2.6175789473684214
2.6179379274066283
2.617928496319663
2.6178665265370467
2.61780462184874
2.6178477690288715
2.6178384050367263
2.6176192973256427
2.6174528301886797
2.6173389209009947
2.6171204188481676
2.6169544740973314
2.61663179916318
2.6170412963931
2.6174503657262274
2.618276762402089
2.617797494780793
2.6182576943140328
2.618352450469239
2.618030224075039
2.6180208333333335
2.618375845913587
2.6185223725286155
2.6195007800312013
2.6200103950103952
2.6203116883116886
2.6204569055036346
2.6203425012973534
2.620643153526971
2.620425090720581
2.6207253886010364
2.6207146556188503
2.621014492753623
2.620951888256596
2.6216132368148917
2.6220671834625326
2.621745867768595
2.62266391326794
2.622549019607843
2.622898401237751
2.623505154639175
2.6237506439979392
2.62384140061792
2.623932063818837
2.624434156378601
2.624935732647815
2.6253854059609454
2.6251669234720083
2.624948665297741
2.624935864545921
2.6250769230769233
2.6251153254741153
2.625
2.6251920122887866
2.6254861821903783
2.6256777493606136
2.6258179959100203
2.625907000510986
2.625893769152196
2.626186830015314
2.6260714285714286
2.625854156042835
2.626401630988787
2.626897605705553
2.6266293279022404
2.6274300254452925
2.6272126144455745
2.6276054905948145
2.628150406504065
2.6281361097003555
2.6288832487309644
2.628868594622019
2.6287525354969574
2.629954384186518
2.62968591691996
2.629974683544303
2.6296558704453448
2.6305007587253417
2.6310414560161783
2.6308236483072256
2.6305050505050502
2.630287733467945
2.630524722502523
2.6302067574382253
2.6302419354838706
2.6302770780856424
2.630715005035247
2.6305485656768997
2.6307344064386315
2.630920060331825
2.6309045226130654
2.6313912606730288
2.631526104417671
2.6313095835423983
2.632497492477432
2.632581453634085
2.6324649298597196
2.6329494241362044
2.633083083083083
2.633066533266633
2.63355
